 0.5000000E-02  0.000000    
 0.1500000E-01  0.000000    
 0.2500000E-01  0.000000    
 0.3500000E-01 0.3582348    
 0.4500000E-01 0.3133273    
 0.5500000E-01 0.2362018    
 0.6500000E-01 0.1860982    
 0.7500000E-01 0.1513946    
 0.8499999E-01 0.1255216    
 0.9500000E-01 0.1069897    
 0.1050000     0.9141902E-01
 0.1150000     0.7998060E-01
 0.1250000     0.7019650E-01
 0.1350000     0.6218751E-01
 0.1450000     0.5568707E-01
 0.1550000     0.4980263E-01
 0.1650000     0.4514920E-01
 0.1750000     0.4099694E-01
 0.1850000     0.3748265E-01
 0.1950000     0.3431180E-01
 0.2050000     0.3138855E-01
 0.2150000     0.2866416E-01
 0.2250000     0.2672469E-01
 0.2350000     0.2459618E-01
 0.2450000     0.2275974E-01
 0.2550000     0.2152744E-01
 0.2650000     0.1985004E-01
 0.2750000     0.1849271E-01
 0.2850000     0.1741445E-01
 0.2950000     0.1595710E-01
 0.3050000     0.1509090E-01
 0.3150000     0.1429070E-01
 0.3250000     0.1357853E-01
 0.3350000     0.1257929E-01
 0.3450000     0.1218720E-01
 0.3550000     0.1138601E-01
 0.3650000     0.1061082E-01
 0.3750000     0.1018272E-01
 0.3850000     0.9558567E-02
 0.3950000     0.8979428E-02
 0.4050000     0.8649348E-02
 0.4150000     0.8332272E-02
 0.4250000     0.7661181E-02
 0.4350000     0.7237277E-02
 0.4450000     0.6884356E-02
 0.4550000     0.6793377E-02
 0.4650000     0.6515439E-02
 0.4750000     0.6124527E-02
 0.4850000     0.5745613E-02
 0.4950000     0.5485671E-02
 0.5050000     0.5264721E-02
 0.5150000     0.4905802E-02
 0.5250000     0.4738839E-02
 0.5350000     0.4520888E-02
 0.5450000     0.4254948E-02
 0.5550000     0.4137975E-02
 0.5650000     0.3938020E-02
 0.5750000     0.3629025E-02
 0.5850000     0.3597025E-02
 0.5950000     0.3371023E-02
 0.6050000     0.3337023E-02
 0.6150000     0.3089021E-02
 0.6250000     0.2947020E-02
 0.6350000     0.2736018E-02
 0.6450000     0.2639017E-02
 0.6550000     0.2610017E-02
 0.6650000     0.2501016E-02
 0.6750000     0.2420016E-02
 0.6850000     0.2186014E-02
 0.6950000     0.2166014E-02
 0.7050000     0.1939012E-02
 0.7150000     0.1914012E-02
 0.7250000     0.1915012E-02
 0.7350000     0.1685010E-02
 0.7450000     0.1629010E-02
 0.7550000     0.1516009E-02
 0.7650000     0.1458008E-02
 0.7750000     0.1464008E-02
 0.7850000     0.1380008E-02
 0.7950000     0.1297007E-02
 0.8049999     0.1103006E-02
 0.8150000     0.1107006E-02
 0.8250000     0.1086006E-02
 0.8350000     0.9390045E-03
 0.8450000     0.8570038E-03
 0.8550000     0.8860041E-03
 0.8650000     0.7820033E-03
 0.8750000     0.7530031E-03
 0.8850000     0.6550023E-03
 0.8950000     0.6120020E-03
 0.9050000     0.4800010E-03
 0.9150000     0.4870010E-03
 0.9250000     0.4150005E-03
 0.9350000     0.3630001E-03
 0.9450000     0.3490000E-03
 0.9550000     0.2739994E-03
 0.9650000     0.1889996E-03
 0.9750000     0.1489999E-03
 0.9850000     0.1120000E-03
 0.9949999     0.2900001E-04
