 0.5000000E-02  0.000000    
 0.1500000E-01  0.000000    
 0.2500000E-01  0.000000    
 0.3500000E-01 0.4244384    
 0.4500000E-01 0.3729476    
 0.5500000E-01 0.2830880    
 0.6500000E-01 0.2244698    
 0.7500000E-01 0.1837690    
 0.8499999E-01 0.1533913    
 0.9500000E-01 0.1304037    
 0.1050000     0.1119986    
 0.1150000     0.9842763E-01
 0.1250000     0.8687440E-01
 0.1350000     0.7733291E-01
 0.1450000     0.6910627E-01
 0.1550000     0.6230033E-01
 0.1650000     0.5657064E-01
 0.1750000     0.5181337E-01
 0.1850000     0.4722083E-01
 0.1950000     0.4330120E-01
 0.2050000     0.4015831E-01
 0.2150000     0.3666199E-01
 0.2250000     0.3416205E-01
 0.2350000     0.3153332E-01
 0.2450000     0.2933832E-01
 0.2550000     0.2745387E-01
 0.2650000     0.2558542E-01
 0.2750000     0.2391502E-01
 0.2850000     0.2279175E-01
 0.2950000     0.2106633E-01
 0.3050000     0.1974201E-01
 0.3150000     0.1882179E-01
 0.3250000     0.1759450E-01
 0.3350000     0.1677930E-01
 0.3450000     0.1568304E-01
 0.3550000     0.1483884E-01
 0.3650000     0.1427170E-01
 0.3750000     0.1330747E-01
 0.3850000     0.1282135E-01
 0.3950000     0.1191513E-01
 0.4050000     0.1145702E-01
 0.4150000     0.1095390E-01
 0.4250000     0.1054680E-01
 0.4350000     0.9881645E-02
 0.4450000     0.9410531E-02
 0.4550000     0.8942419E-02
 0.4650000     0.8507314E-02
 0.4750000     0.8200240E-02
 0.4850000     0.7818148E-02
 0.4950000     0.7437231E-02
 0.5050000     0.7159294E-02
 0.5150000     0.6675403E-02
 0.5250000     0.6475448E-02
 0.5350000     0.6235502E-02
 0.5450000     0.5985558E-02
 0.5550000     0.5664631E-02
 0.5650000     0.5523663E-02
 0.5750000     0.5244725E-02
 0.5850000     0.5030774E-02
 0.5950000     0.4771832E-02
 0.6050000     0.4607869E-02
 0.6150000     0.4479898E-02
 0.6250000     0.4192962E-02
 0.6350000     0.4080988E-02
 0.6450000     0.3889027E-02
 0.6550000     0.3636025E-02
 0.6650000     0.3511024E-02
 0.6750000     0.3366023E-02
 0.6850000     0.3176021E-02
 0.6950000     0.3145021E-02
 0.7050000     0.2978020E-02
 0.7150000     0.2857019E-02
 0.7250000     0.2675018E-02
 0.7350000     0.2665017E-02
 0.7450000     0.2397015E-02
 0.7550000     0.2318015E-02
 0.7650000     0.2153014E-02
 0.7750000     0.2160014E-02
 0.7850000     0.1986012E-02
 0.7950000     0.1922012E-02
 0.8049999     0.1814011E-02
 0.8150000     0.1717010E-02
 0.8250000     0.1589009E-02
 0.8350000     0.1444008E-02
 0.8450000     0.1451008E-02
 0.8550000     0.1326007E-02
 0.8650000     0.1225007E-02
 0.8750000     0.1198006E-02
 0.8850000     0.1001005E-02
 0.8950000     0.1046005E-02
 0.9050000     0.9350044E-03
 0.9150000     0.8330037E-03
 0.9250000     0.7250028E-03
 0.9350000     0.5920018E-03
 0.9450000     0.5600016E-03
 0.9550000     0.4240006E-03
 0.9650000     0.3540000E-03
 0.9750000     0.2569993E-03
 0.9850000     0.1399999E-03
 0.9949999     0.5900002E-04
