 0.5000000E-02  0.000000    
 0.1500000E-01  1.466841    
 0.2500000E-01 0.7463986    
 0.3500000E-01 0.4739198    
 0.4500000E-01 0.3344744    
 0.5500000E-01 0.2513561    
 0.6500000E-01 0.1987916    
 0.7500000E-01 0.1622649    
 0.8499999E-01 0.1346578    
 0.9500000E-01 0.1144486    
 0.1050000     0.9917542E-01
 0.1150000     0.8582511E-01
 0.1250000     0.7575447E-01
 0.1350000     0.6725628E-01
 0.1450000     0.6040441E-01
 0.1550000     0.5325303E-01
 0.1650000     0.4857363E-01
 0.1750000     0.4435549E-01
 0.1850000     0.4025016E-01
 0.1950000     0.3692456E-01
 0.2050000     0.3388350E-01
 0.2150000     0.3151235E-01
 0.2250000     0.2906926E-01
 0.2350000     0.2691674E-01
 0.2450000     0.2488525E-01
 0.2550000     0.2316984E-01
 0.2650000     0.2166148E-01
 0.2750000     0.2042418E-01
 0.2850000     0.1915187E-01
 0.2950000     0.1757349E-01
 0.3050000     0.1672829E-01
 0.3150000     0.1571505E-01
 0.3250000     0.1487685E-01
 0.3350000     0.1397463E-01
 0.3450000     0.1336448E-01
 0.3550000     0.1245926E-01
 0.3650000     0.1184712E-01
 0.3750000     0.1110594E-01
 0.3850000     0.1052780E-01
 0.3950000     0.1021572E-01
 0.4050000     0.9631584E-02
 0.4150000     0.8901409E-02
 0.4250000     0.8499312E-02
 0.4350000     0.8123222E-02
 0.4450000     0.7904169E-02
 0.4550000     0.7364248E-02
 0.4650000     0.6940343E-02
 0.4750000     0.6822370E-02
 0.4850000     0.6387468E-02
 0.4950000     0.6089535E-02
 0.5050000     0.5804599E-02
 0.5150000     0.5496669E-02
 0.5250000     0.5423685E-02
 0.5350000     0.5013777E-02
 0.5450000     0.4897804E-02
 0.5550000     0.4666856E-02
 0.5650000     0.4273944E-02
 0.5750000     0.4140974E-02
 0.5850000     0.4075989E-02
 0.5950000     0.3938020E-02
 0.6050000     0.3612025E-02
 0.6150000     0.3539024E-02
 0.6250000     0.3391023E-02
 0.6350000     0.3300022E-02
 0.6450000     0.3130021E-02
 0.6550000     0.2915019E-02
 0.6650000     0.2860019E-02
 0.6750000     0.2727018E-02
 0.6850000     0.2528016E-02
 0.6950000     0.2405016E-02
 0.7050000     0.2328015E-02
 0.7150000     0.2210014E-02
 0.7250000     0.2128013E-02
 0.7350000     0.2044013E-02
 0.7450000     0.1947012E-02
 0.7550000     0.1796011E-02
 0.7650000     0.1701010E-02
 0.7750000     0.1643010E-02
 0.7850000     0.1521009E-02
 0.7950000     0.1470009E-02
 0.8049999     0.1327007E-02
 0.8150000     0.1412008E-02
 0.8250000     0.1265007E-02
 0.8350000     0.1171006E-02
 0.8450000     0.1152006E-02
 0.8550000     0.9580046E-03
 0.8650000     0.9120043E-03
 0.8750000     0.9180043E-03
 0.8850000     0.8100035E-03
 0.8950000     0.7040027E-03
 0.9050000     0.6770025E-03
 0.9150000     0.5840018E-03
 0.9250000     0.5190013E-03
 0.9350000     0.4430007E-03
 0.9450000     0.3990004E-03
 0.9550000     0.3079997E-03
 0.9650000     0.2679994E-03
 0.9750000     0.2039995E-03
 0.9850000     0.1310000E-03
 0.9949999     0.3700001E-04
