 0.5000000E-02  0.000000    
 0.1500000E-01  2.232282    
 0.2500000E-01 0.5626476    
 0.3500000E-01 0.2200740    
 0.4500000E-01 0.1088737    
 0.5500000E-01 0.6186104E-01
 0.6500000E-01 0.3811862E-01
 0.7500000E-01 0.2523834E-01
 0.8499999E-01 0.1766451E-01
 0.9500000E-01 0.1271733E-01
 0.1050000     0.9342515E-02
 0.1150000     0.7208283E-02
 0.1250000     0.5486671E-02
 0.1350000     0.4392917E-02
 0.1450000     0.3437023E-02
 0.1550000     0.2855019E-02
 0.1650000     0.2251014E-02
 0.1750000     0.1929012E-02
 0.1850000     0.1571009E-02
 0.1950000     0.1408008E-02
 0.2050000     0.1184006E-02
 0.2150000     0.1025005E-02
 0.2250000     0.8850041E-03
 0.2350000     0.7480030E-03
 0.2450000     0.6720024E-03
 0.2550000     0.6350022E-03
 0.2650000     0.5360014E-03
 0.2750000     0.4580008E-03
 0.2850000     0.4060004E-03
 0.2950000     0.3770002E-03
 0.3050000     0.3089997E-03
 0.3150000     0.2829995E-03
 0.3250000     0.2549993E-03
 0.3350000     0.2359993E-03
 0.3450000     0.2119994E-03
 0.3550000     0.1939995E-03
 0.3650000     0.1769997E-03
 0.3750000     0.1659997E-03
 0.3850000     0.1509998E-03
 0.3950000     0.1359999E-03
 0.4050000     0.1190000E-03
 0.4150000     0.1260000E-03
 0.4250000     0.1000000E-03
 0.4350000     0.7700002E-04
 0.4450000     0.1030000E-03
 0.4550000     0.8200002E-04
 0.4650000     0.8900002E-04
 0.4750000     0.6300001E-04
 0.4850000     0.5900002E-04
 0.4950000     0.8000002E-04
 0.5050000     0.6500001E-04
 0.5150000     0.5200001E-04
 0.5250000     0.4900001E-04
 0.5350000     0.4500001E-04
 0.5450000     0.5200001E-04
 0.5550000     0.3900001E-04
 0.5650000     0.3000001E-04
 0.5750000     0.3900001E-04
 0.5850000     0.3900001E-04
 0.5950000     0.2900001E-04
 0.6050000     0.3700001E-04
 0.6150000     0.2200000E-04
 0.6250000     0.2800001E-04
 0.6350000     0.1900000E-04
 0.6450000     0.3400001E-04
 0.6550000     0.2200000E-04
 0.6650000     0.1400000E-04
 0.6750000     0.2600001E-04
 0.6850000     0.1800000E-04
 0.6950000     0.2800001E-04
 0.7050000     0.1900000E-04
 0.7150000     0.2100000E-04
 0.7250000     0.1600000E-04
 0.7350000     0.1200000E-04
 0.7450000     0.1600000E-04
 0.7550000     0.8000000E-05
 0.7650000     0.1200000E-04
 0.7750000     0.1100000E-04
 0.7850000     0.1200000E-04
 0.7950000     0.1000000E-04
 0.8049999     0.1200000E-04
 0.8150000     0.8000000E-05
 0.8250000     0.1100000E-04
 0.8350000     0.4000000E-05
 0.8450000     0.1000000E-04
 0.8550000     0.9000000E-05
 0.8650000     0.2000000E-05
 0.8750000     0.3000000E-05
 0.8850000     0.6000000E-05
 0.8950000     0.8000000E-05
 0.9050000      0.000000    
 0.9150000     0.4000000E-05
 0.9250000     0.4000000E-05
 0.9350000     0.5000000E-05
 0.9450000     0.5000000E-05
 0.9550000     0.1000000E-05
 0.9650000     0.3000000E-05
 0.9750000     0.1000000E-05
 0.9850000      0.000000    
 0.9949999     0.1000000E-05
