 0.5000000E-02  0.000000    
 0.1500000E-01  0.000000    
 0.2500000E-01  0.000000    
 0.3500000E-01 0.3384728    
 0.4500000E-01 0.2948714    
 0.5500000E-01 0.2219429    
 0.6500000E-01 0.1739829    
 0.7500000E-01 0.1410204    
 0.8499999E-01 0.1172720    
 0.9500000E-01 0.9953383E-01
 0.1050000     0.8552859E-01
 0.1150000     0.7417504E-01
 0.1250000     0.6498996E-01
 0.1350000     0.5743024E-01
 0.1450000     0.5139305E-01
 0.1550000     0.4610065E-01
 0.1650000     0.4150013E-01
 0.1750000     0.3755853E-01
 0.1850000     0.3434275E-01
 0.1950000     0.3164314E-01
 0.2050000     0.2877719E-01
 0.2150000     0.2656966E-01
 0.2250000     0.2438413E-01
 0.2350000     0.2282776E-01
 0.2450000     0.2072725E-01
 0.2550000     0.1958898E-01
 0.2650000     0.1806561E-01
 0.2750000     0.1683031E-01
 0.2850000     0.1580407E-01
 0.2950000     0.1475282E-01
 0.3050000     0.1392962E-01
 0.3150000     0.1298039E-01
 0.3250000     0.1225121E-01
 0.3350000     0.1138601E-01
 0.3450000     0.1093190E-01
 0.3550000     0.1013070E-01
 0.3650000     0.9706602E-02
 0.3750000     0.9225487E-02
 0.3850000     0.8748372E-02
 0.3950000     0.8117220E-02
 0.4050000     0.7832152E-02
 0.4150000     0.7395241E-02
 0.4250000     0.6980334E-02
 0.4350000     0.6612417E-02
 0.4450000     0.6213507E-02
 0.4550000     0.5837592E-02
 0.4650000     0.5703622E-02
 0.4750000     0.5485671E-02
 0.4850000     0.5144748E-02
 0.4950000     0.5078763E-02
 0.5050000     0.4586874E-02
 0.5150000     0.4391917E-02
 0.5250000     0.4263946E-02
 0.5350000     0.4027000E-02
 0.5450000     0.3781026E-02
 0.5550000     0.3760026E-02
 0.5650000     0.3483024E-02
 0.5750000     0.3328023E-02
 0.5850000     0.3170021E-02
 0.5950000     0.2934020E-02
 0.6050000     0.2904019E-02
 0.6150000     0.2819019E-02
 0.6250000     0.2664017E-02
 0.6350000     0.2490016E-02
 0.6450000     0.2353015E-02
 0.6550000     0.2296015E-02
 0.6650000     0.2193014E-02
 0.6750000     0.2140014E-02
 0.6850000     0.1921012E-02
 0.6950000     0.1881012E-02
 0.7050000     0.1791011E-02
 0.7150000     0.1689010E-02
 0.7250000     0.1608010E-02
 0.7350000     0.1473009E-02
 0.7450000     0.1411008E-02
 0.7550000     0.1403008E-02
 0.7650000     0.1326007E-02
 0.7750000     0.1252007E-02
 0.7850000     0.1173006E-02
 0.7950000     0.1072005E-02
 0.8049999     0.1029005E-02
 0.8150000     0.9710047E-03
 0.8250000     0.9550046E-03
 0.8350000     0.8100035E-03
 0.8450000     0.7560031E-03
 0.8550000     0.7450030E-03
 0.8650000     0.6790025E-03
 0.8750000     0.6330021E-03
 0.8850000     0.5940018E-03
 0.8950000     0.5500015E-03
 0.9050000     0.4420007E-03
 0.9150000     0.3750002E-03
 0.9250000     0.3770002E-03
 0.9350000     0.2839995E-03
 0.9450000     0.2579993E-03
 0.9550000     0.1989995E-03
 0.9650000     0.1749997E-03
 0.9750000     0.1050000E-03
 0.9850000     0.6800002E-04
 0.9949999     0.2700001E-04
