 0.5000000E-02  0.000000    
 0.1500000E-01  0.000000    
 0.2500000E-01  0.000000    
 0.3500000E-01  0.000000    
 0.4500000E-01  0.000000    
 0.5500000E-01  0.000000    
 0.6500000E-01  0.000000    
 0.7500000E-01  0.000000    
 0.8499999E-01  0.000000    
 0.9500000E-01  0.000000    
 0.1050000     0.7852569E-01
 0.1150000     0.6807368E-01
 0.1250000     0.5983456E-01
 0.1350000     0.5255638E-01
 0.1450000     0.4707379E-01
 0.1550000     0.4193664E-01
 0.1650000     0.3796809E-01
 0.1750000     0.3457610E-01
 0.1850000     0.3172873E-01
 0.1950000     0.2867568E-01
 0.2050000     0.2626360E-01
 0.2150000     0.2431777E-01
 0.2250000     0.2210985E-01
 0.2350000     0.2047900E-01
 0.2450000     0.1889857E-01
 0.2550000     0.1739052E-01
 0.2650000     0.1655438E-01
 0.2750000     0.1541984E-01
 0.2850000     0.1443110E-01
 0.2950000     0.1355139E-01
 0.3050000     0.1245763E-01
 0.3150000     0.1175346E-01
 0.3250000     0.1105879E-01
 0.3350000     0.1035762E-01
 0.3450000     0.9912517E-02
 0.3550000     0.9226352E-02
 0.3650000     0.8619206E-02
 0.3750000     0.8155595E-02
 0.3850000     0.7810012E-02
 0.3950000     0.7285386E-02
 0.4050000     0.6968310E-02
 0.4150000     0.6553210E-02
 0.4250000     0.6348161E-02
 0.4350000     0.5944564E-02
 0.4450000     0.5628488E-02
 0.4550000     0.5244895E-02
 0.4650000     0.5013840E-02
 0.4750000     0.4862804E-02
 0.4850000     0.4639750E-02
 0.4950000     0.4387689E-02
 0.5050000     0.4078115E-02
 0.5150000     0.3922077E-02
 0.5250000     0.3760606E-02
 0.5350000     0.3534657E-02
 0.5450000     0.3446677E-02
 0.5550000     0.3276215E-02
 0.5650000     0.3120251E-02
 0.5750000     0.2970784E-02
 0.5850000     0.2775328E-02
 0.5950000     0.2700845E-02
 0.6050000     0.2590870E-02
 0.6150000     0.2387916E-02
 0.6250000     0.2280440E-02
 0.6350000     0.2151969E-02
 0.6450000     0.2087983E-02
 0.6550000     0.2041494E-02
 0.6650000     0.1918513E-02
 0.6750000     0.1844013E-02
 0.6850000     0.1776512E-02
 0.6950000     0.1660011E-02
 0.7050000     0.1542010E-02
 0.7150000     0.1417009E-02
 0.7250000     0.1382509E-02
 0.7350000     0.1300009E-02
 0.7450000     0.1285008E-02
 0.7550000     0.1172508E-02
 0.7650000     0.1112507E-02
 0.7750000     0.1070007E-02
 0.7850000     0.1013506E-02
 0.7950000     0.9510059E-03
 0.8049999     0.8800054E-03
 0.8150000     0.8295050E-03
 0.8250000     0.7670045E-03
 0.8350000     0.7510044E-03
 0.8450000     0.6765038E-03
 0.8550000     0.6055033E-03
 0.8650000     0.5665030E-03
 0.8750000     0.5130026E-03
 0.8850000     0.4545021E-03
 0.8950000     0.4100018E-03
 0.9050000     0.3655014E-03
 0.9150000     0.3345012E-03
 0.9250000     0.2660007E-03
 0.9350000     0.2475005E-03
 0.9450000     0.1755000E-03
 0.9550000     0.1464998E-03
 0.9650000     0.1119997E-03
 0.9750000     0.5950002E-04
 0.9850000     0.3000001E-04
 0.9949999     0.1250000E-04
