 0.5000000E-02  0.000000    
 0.1500000E-01  0.000000    
 0.2500000E-01  0.000000    
 0.3500000E-01 0.1852935    
 0.4500000E-01 0.1632453    
 0.5500000E-01 0.1235987    
 0.6500000E-01 0.9841964E-01
 0.7500000E-01 0.8084919E-01
 0.8499999E-01 0.6703464E-01
 0.9500000E-01 0.5726751E-01
 0.1050000     0.4940328E-01
 0.1150000     0.4294877E-01
 0.1250000     0.3812361E-01
 0.1350000     0.3411313E-01
 0.1450000     0.3039958E-01
 0.1550000     0.2761191E-01
 0.1650000     0.2470621E-01
 0.1750000     0.2256669E-01
 0.1850000     0.2048219E-01
 0.1950000     0.1898483E-01
 0.2050000     0.1773053E-01
 0.2150000     0.1621117E-01
 0.2250000     0.1490385E-01
 0.2350000     0.1379959E-01
 0.2450000     0.1326746E-01
 0.2550000     0.1217019E-01
 0.2650000     0.1138100E-01
 0.2750000     0.1068284E-01
 0.2850000     0.1016871E-01
 0.2950000     0.9504554E-02
 0.3050000     0.8929416E-02
 0.3150000     0.8431296E-02
 0.3250000     0.8028199E-02
 0.3350000     0.7546207E-02
 0.3450000     0.7077313E-02
 0.3550000     0.6581424E-02
 0.3650000     0.6424460E-02
 0.3750000     0.6181514E-02
 0.3850000     0.5798601E-02
 0.3950000     0.5490670E-02
 0.4050000     0.5285716E-02
 0.4150000     0.4966788E-02
 0.4250000     0.4778830E-02
 0.4350000     0.4622865E-02
 0.4450000     0.4361924E-02
 0.4550000     0.4244951E-02
 0.4650000     0.3951017E-02
 0.4750000     0.3900027E-02
 0.4850000     0.3748026E-02
 0.4950000     0.3594025E-02
 0.5050000     0.3307022E-02
 0.5150000     0.3370023E-02
 0.5250000     0.3171021E-02
 0.5350000     0.3005020E-02
 0.5450000     0.2861019E-02
 0.5550000     0.2737018E-02
 0.5650000     0.2700018E-02
 0.5750000     0.2583017E-02
 0.5850000     0.2424016E-02
 0.5950000     0.2399015E-02
 0.6050000     0.2220014E-02
 0.6150000     0.2122013E-02
 0.6250000     0.2147014E-02
 0.6350000     0.2068013E-02
 0.6450000     0.1897012E-02
 0.6550000     0.1832011E-02
 0.6650000     0.1763011E-02
 0.6750000     0.1665010E-02
 0.6850000     0.1631010E-02
 0.6950000     0.1568009E-02
 0.7050000     0.1524009E-02
 0.7150000     0.1433008E-02
 0.7250000     0.1381008E-02
 0.7350000     0.1346008E-02
 0.7450000     0.1297007E-02
 0.7550000     0.1173006E-02
 0.7650000     0.1135006E-02
 0.7750000     0.1104006E-02
 0.7850000     0.1090006E-02
 0.7950000     0.1024005E-02
 0.8049999     0.9720047E-03
 0.8150000     0.8930041E-03
 0.8250000     0.8330037E-03
 0.8350000     0.8250036E-03
 0.8450000     0.7720032E-03
 0.8550000     0.7670032E-03
 0.8650000     0.6810025E-03
 0.8750000     0.6100020E-03
 0.8850000     0.6040019E-03
 0.8950000     0.5670016E-03
 0.9050000     0.5080012E-03
 0.9150000     0.5030012E-03
 0.9250000     0.4100004E-03
 0.9350000     0.3960003E-03
 0.9450000     0.3149997E-03
 0.9550000     0.2889995E-03
 0.9650000     0.2259993E-03
 0.9750000     0.1599998E-03
 0.9850000     0.1020000E-03
 0.9949999     0.4200001E-04
