 0.5000000E-02  0.000000    
 0.1500000E-01  0.000000    
 0.2500000E-01  0.000000    
 0.3500000E-01 0.1969765    
 0.4500000E-01 0.1731542    
 0.5500000E-01 0.1313571    
 0.6500000E-01 0.1041673    
 0.7500000E-01 0.8453221E-01
 0.8499999E-01 0.7156927E-01
 0.9500000E-01 0.6029758E-01
 0.1050000     0.5220972E-01
 0.1150000     0.4544971E-01
 0.1250000     0.4043086E-01
 0.1350000     0.3609091E-01
 0.1450000     0.3205946E-01
 0.1550000     0.2919929E-01
 0.1650000     0.2634360E-01
 0.1750000     0.2383100E-01
 0.1850000     0.2172249E-01
 0.1950000     0.2032215E-01
 0.2050000     0.1865875E-01
 0.2150000     0.1737244E-01
 0.2250000     0.1593210E-01
 0.2350000     0.1476382E-01
 0.2450000     0.1380159E-01
 0.2550000     0.1292238E-01
 0.2650000     0.1214519E-01
 0.2750000     0.1148803E-01
 0.2850000     0.1062582E-01
 0.2950000     0.1014471E-01
 0.3050000     0.9623582E-02
 0.3150000     0.8953421E-02
 0.3250000     0.8480308E-02
 0.3350000     0.8006194E-02
 0.3450000     0.7554205E-02
 0.3550000     0.7234277E-02
 0.3650000     0.6854363E-02
 0.3750000     0.6617416E-02
 0.3850000     0.6038547E-02
 0.3950000     0.5790602E-02
 0.4050000     0.5598646E-02
 0.4150000     0.5333705E-02
 0.4250000     0.5151746E-02
 0.4350000     0.4868810E-02
 0.4450000     0.4675854E-02
 0.4550000     0.4470900E-02
 0.4650000     0.4330931E-02
 0.4750000     0.4008004E-02
 0.4850000     0.3838026E-02
 0.4950000     0.3828026E-02
 0.5050000     0.3599025E-02
 0.5150000     0.3534024E-02
 0.5250000     0.3292022E-02
 0.5350000     0.3260022E-02
 0.5450000     0.3037020E-02
 0.5550000     0.2881019E-02
 0.5650000     0.2854019E-02
 0.5750000     0.2633017E-02
 0.5850000     0.2678018E-02
 0.5950000     0.2471016E-02
 0.6050000     0.2463016E-02
 0.6150000     0.2340015E-02
 0.6250000     0.2151014E-02
 0.6350000     0.2154014E-02
 0.6450000     0.2021013E-02
 0.6550000     0.1991012E-02
 0.6650000     0.1963012E-02
 0.6750000     0.1780011E-02
 0.6850000     0.1718010E-02
 0.6950000     0.1646010E-02
 0.7050000     0.1620010E-02
 0.7150000     0.1500009E-02
 0.7250000     0.1436008E-02
 0.7350000     0.1354008E-02
 0.7450000     0.1348008E-02
 0.7550000     0.1285007E-02
 0.7650000     0.1276007E-02
 0.7750000     0.1152006E-02
 0.7850000     0.1121006E-02
 0.7950000     0.1048005E-02
 0.8049999     0.9840048E-03
 0.8150000     0.1073005E-02
 0.8250000     0.8510038E-03
 0.8350000     0.8790040E-03
 0.8450000     0.8050035E-03
 0.8550000     0.7320029E-03
 0.8650000     0.7320029E-03
 0.8750000     0.6950026E-03
 0.8850000     0.6860025E-03
 0.8950000     0.5970019E-03
 0.9050000     0.5310014E-03
 0.9150000     0.4960011E-03
 0.9250000     0.4110005E-03
 0.9350000     0.3960003E-03
 0.9450000     0.3720002E-03
 0.9550000     0.2629993E-03
 0.9650000     0.2299993E-03
 0.9750000     0.1679997E-03
 0.9850000     0.1170000E-03
 0.9949999     0.3800001E-04
