 0.5000000E-02  0.000000    
 0.1500000E-01  0.000000    
 0.2500000E-01  0.000000    
 0.3500000E-01  0.000000    
 0.4500000E-01  0.000000    
 0.5500000E-01  0.000000    
 0.6500000E-01  0.000000    
 0.7500000E-01  0.000000    
 0.8499999E-01  0.000000    
 0.9500000E-01  0.000000    
 0.1050000     0.1089875E-01
 0.1150000     0.8167097E-02
 0.1250000     0.6410676E-02
 0.1350000     0.5103861E-02
 0.1450000     0.4154633E-02
 0.1550000     0.3348199E-02
 0.1650000     0.2808821E-02
 0.1750000     0.2257445E-02
 0.1850000     0.1875013E-02
 0.1950000     0.1589511E-02
 0.2050000     0.1386009E-02
 0.2150000     0.1152007E-02
 0.2250000     0.1047007E-02
 0.2350000     0.8615052E-03
 0.2450000     0.7640045E-03
 0.2550000     0.6560037E-03
 0.2650000     0.6060033E-03
 0.2750000     0.5305027E-03
 0.2850000     0.4870024E-03
 0.2950000     0.4145018E-03
 0.3050000     0.4225019E-03
 0.3150000     0.3385012E-03
 0.3250000     0.3025010E-03
 0.3350000     0.2875009E-03
 0.3450000     0.2510006E-03
 0.3550000     0.2260004E-03
 0.3650000     0.2275004E-03
 0.3750000     0.1915001E-03
 0.3850000     0.1644999E-03
 0.3950000     0.1604999E-03
 0.4050000     0.1499998E-03
 0.4150000     0.1279996E-03
 0.4250000     0.1269996E-03
 0.4350000     0.1099997E-03
 0.4450000     0.9949975E-04
 0.4550000     0.1094997E-03
 0.4650000     0.8749984E-04
 0.4750000     0.8699984E-04
 0.4850000     0.8999982E-04
 0.4950000     0.6350000E-04
 0.5050000     0.7099995E-04
 0.5150000     0.6350000E-04
 0.5250000     0.5850002E-04
 0.5350000     0.5150001E-04
 0.5450000     0.5350001E-04
 0.5550000     0.4550001E-04
 0.5650000     0.3950001E-04
 0.5750000     0.4850001E-04
 0.5850000     0.3900001E-04
 0.5950000     0.3850001E-04
 0.6050000     0.3200001E-04
 0.6150000     0.4350001E-04
 0.6250000     0.2650001E-04
 0.6350000     0.3350001E-04
 0.6450000     0.3150001E-04
 0.6550000     0.2200001E-04
 0.6650000     0.3100001E-04
 0.6750000     0.2100001E-04
 0.6850000     0.2200001E-04
 0.6950000     0.2250001E-04
 0.7050000     0.2450001E-04
 0.7150000     0.1950000E-04
 0.7250000     0.1500000E-04
 0.7350000     0.1450000E-04
 0.7450000     0.2100001E-04
 0.7550000     0.1200000E-04
 0.7650000     0.1200000E-04
 0.7750000     0.1100000E-04
 0.7850000     0.1050000E-04
 0.7950000     0.1450000E-04
 0.8049999     0.1350000E-04
 0.8150000     0.9000001E-05
 0.8250000     0.1200000E-04
 0.8350000     0.8500001E-05
 0.8450000     0.9000001E-05
 0.8550000     0.6000001E-05
 0.8650000     0.8000001E-05
 0.8750000     0.5500000E-05
 0.8850000     0.3500000E-05
 0.8950000     0.8000001E-05
 0.9050000     0.5500000E-05
 0.9150000     0.3500000E-05
 0.9250000     0.3000000E-05
 0.9350000     0.3000000E-05
 0.9450000     0.4000000E-05
 0.9550000     0.2500000E-05
 0.9650000     0.4500000E-05
 0.9750000     0.2000000E-05
 0.9850000     0.1500000E-05
 0.9949999     0.1000000E-05
