 0.5000000E-02  0.000000    
 0.1500000E-01  0.000000    
 0.2500000E-01  0.000000    
 0.3500000E-01  0.000000    
 0.4500000E-01  0.000000    
 0.5500000E-01  0.000000    
 0.6500000E-01  0.000000    
 0.7500000E-01  0.000000    
 0.8499999E-01  0.000000    
 0.9500000E-01  0.000000    
 0.1050000     0.5480423E-01
 0.1150000     0.4801726E-01
 0.1250000     0.4210986E-01
 0.1350000     0.3742946E-01
 0.1450000     0.3372348E-01
 0.1550000     0.3060904E-01
 0.1650000     0.2771824E-01
 0.1750000     0.2499417E-01
 0.1850000     0.2301289E-01
 0.1950000     0.2125275E-01
 0.2050000     0.1959594E-01
 0.2150000     0.1800552E-01
 0.2250000     0.1691579E-01
 0.2350000     0.1574320E-01
 0.2450000     0.1442760E-01
 0.2550000     0.1369043E-01
 0.2650000     0.1265418E-01
 0.2750000     0.1192400E-01
 0.2850000     0.1117482E-01
 0.2950000     0.1051316E-01
 0.3050000     0.1001404E-01
 0.3150000     0.9419899E-02
 0.3250000     0.8843260E-02
 0.3350000     0.8412656E-02
 0.3450000     0.8003058E-02
 0.3550000     0.7572455E-02
 0.3650000     0.7167357E-02
 0.3750000     0.6714249E-02
 0.3850000     0.6577716E-02
 0.3950000     0.6229132E-02
 0.4050000     0.5894051E-02
 0.4150000     0.5650493E-02
 0.4250000     0.5331916E-02
 0.4350000     0.5084357E-02
 0.4450000     0.4804790E-02
 0.4550000     0.4713768E-02
 0.4650000     0.4403193E-02
 0.4750000     0.4305169E-02
 0.4850000     0.4046107E-02
 0.4950000     0.3981092E-02
 0.5050000     0.3760606E-02
 0.5150000     0.3598643E-02
 0.5250000     0.3453675E-02
 0.5350000     0.3359697E-02
 0.5450000     0.3241223E-02
 0.5550000     0.3026272E-02
 0.5650000     0.2904299E-02
 0.5750000     0.2832815E-02
 0.5850000     0.2727339E-02
 0.5950000     0.2561876E-02
 0.6050000     0.2437904E-02
 0.6150000     0.2391915E-02
 0.6250000     0.2307434E-02
 0.6350000     0.2235450E-02
 0.6450000     0.2120476E-02
 0.6550000     0.2029496E-02
 0.6650000     0.1947013E-02
 0.6750000     0.1896513E-02
 0.6850000     0.1772012E-02
 0.6950000     0.1698512E-02
 0.7050000     0.1672011E-02
 0.7150000     0.1551510E-02
 0.7250000     0.1524510E-02
 0.7350000     0.1482510E-02
 0.7450000     0.1436010E-02
 0.7550000     0.1326009E-02
 0.7650000     0.1275508E-02
 0.7750000     0.1221008E-02
 0.7850000     0.1187008E-02
 0.7950000     0.1117507E-02
 0.8049999     0.1032006E-02
 0.8150000     0.1004006E-02
 0.8250000     0.9555059E-03
 0.8350000     0.8945055E-03
 0.8450000     0.8125048E-03
 0.8550000     0.7885047E-03
 0.8650000     0.7260042E-03
 0.8750000     0.6775038E-03
 0.8850000     0.6215034E-03
 0.8950000     0.5860031E-03
 0.9050000     0.5340027E-03
 0.9150000     0.5155026E-03
 0.9250000     0.4245019E-03
 0.9350000     0.3740015E-03
 0.9450000     0.3065010E-03
 0.9550000     0.2625007E-03
 0.9650000     0.1835001E-03
 0.9750000     0.1459998E-03
 0.9850000     0.9299980E-04
 0.9949999     0.2550001E-04
