 0.5000000E-02  0.000000    
 0.1500000E-01 0.6841640    
 0.2500000E-01 0.3405845    
 0.3500000E-01 0.2161224    
 0.4500000E-01 0.1531048    
 0.5500000E-01 0.1164843    
 0.6500000E-01 0.9246133E-01
 0.7500000E-01 0.7541103E-01
 0.8499999E-01 0.6229933E-01
 0.9500000E-01 0.5365937E-01
 0.1050000     0.4582310E-01
 0.1150000     0.4040291E-01
 0.1250000     0.3568857E-01
 0.1350000     0.3121577E-01
 0.1450000     0.2852913E-01
 0.1550000     0.2568944E-01
 0.1650000     0.2320985E-01
 0.1750000     0.2098331E-01
 0.1850000     0.1924990E-01
 0.1950000     0.1784056E-01
 0.2050000     0.1644422E-01
 0.2150000     0.1508790E-01
 0.2250000     0.1408265E-01
 0.2350000     0.1305741E-01
 0.2450000     0.1232023E-01
 0.2550000     0.1141801E-01
 0.2650000     0.1080187E-01
 0.2750000     0.1008869E-01
 0.2850000     0.9396528E-02
 0.2950000     0.8917413E-02
 0.3050000     0.8312267E-02
 0.3150000     0.7815148E-02
 0.3250000     0.7438231E-02
 0.3350000     0.7080312E-02
 0.3450000     0.6681402E-02
 0.3550000     0.6222505E-02
 0.3650000     0.6047545E-02
 0.3750000     0.5735615E-02
 0.3850000     0.5555655E-02
 0.3950000     0.5243726E-02
 0.4050000     0.4816822E-02
 0.4150000     0.4755836E-02
 0.4250000     0.4685851E-02
 0.4350000     0.4157970E-02
 0.4450000     0.4111981E-02
 0.4550000     0.3935020E-02
 0.4650000     0.3770026E-02
 0.4750000     0.3583024E-02
 0.4850000     0.3468024E-02
 0.4950000     0.3316022E-02
 0.5050000     0.3198022E-02
 0.5150000     0.3066021E-02
 0.5250000     0.2948020E-02
 0.5350000     0.2850019E-02
 0.5450000     0.2666018E-02
 0.5550000     0.2512016E-02
 0.5650000     0.2493016E-02
 0.5750000     0.2466016E-02
 0.5850000     0.2267014E-02
 0.5950000     0.2205014E-02
 0.6050000     0.2164014E-02
 0.6150000     0.2080013E-02
 0.6250000     0.1947012E-02
 0.6350000     0.1854011E-02
 0.6450000     0.1814011E-02
 0.6550000     0.1814011E-02
 0.6650000     0.1685010E-02
 0.6750000     0.1620010E-02
 0.6850000     0.1570009E-02
 0.6950000     0.1511009E-02
 0.7050000     0.1445008E-02
 0.7150000     0.1435008E-02
 0.7250000     0.1282007E-02
 0.7350000     0.1284007E-02
 0.7450000     0.1223007E-02
 0.7550000     0.1112006E-02
 0.7650000     0.1046005E-02
 0.7750000     0.1086006E-02
 0.7850000     0.9860048E-03
 0.7950000     0.1039005E-02
 0.8049999     0.9090042E-03
 0.8150000     0.8540038E-03
 0.8250000     0.7820033E-03
 0.8350000     0.8300036E-03
 0.8450000     0.6840025E-03
 0.8550000     0.7020027E-03
 0.8650000     0.6780025E-03
 0.8750000     0.5910018E-03
 0.8850000     0.5690017E-03
 0.8950000     0.5730017E-03
 0.9050000     0.4810010E-03
 0.9150000     0.4480007E-03
 0.9250000     0.3880003E-03
 0.9350000     0.4080004E-03
 0.9450000     0.3409999E-03
 0.9550000     0.3069997E-03
 0.9650000     0.2439992E-03
 0.9750000     0.1599998E-03
 0.9850000     0.1240000E-03
 0.9949999     0.4300001E-04
