 0.5000000E-02  0.000000    
 0.1500000E-01  0.000000    
 0.2500000E-01  0.000000    
 0.3500000E-01 0.1596292    
 0.4500000E-01 0.1007868    
 0.5500000E-01 0.5757700E-01
 0.6500000E-01 0.3532716E-01
 0.7500000E-01 0.2354493E-01
 0.8499999E-01 0.1629819E-01
 0.9500000E-01 0.1197915E-01
 0.1050000     0.8669353E-02
 0.1150000     0.6766383E-02
 0.1250000     0.5132751E-02
 0.1350000     0.4120979E-02
 0.1450000     0.3254022E-02
 0.1550000     0.2608017E-02
 0.1650000     0.2184014E-02
 0.1750000     0.1798011E-02
 0.1850000     0.1589009E-02
 0.1950000     0.1324007E-02
 0.2050000     0.1108006E-02
 0.2150000     0.9550046E-03
 0.2250000     0.8130035E-03
 0.2350000     0.7520030E-03
 0.2450000     0.6180020E-03
 0.2550000     0.5460015E-03
 0.2650000     0.4560008E-03
 0.2750000     0.4210005E-03
 0.2850000     0.3680001E-03
 0.2950000     0.3660001E-03
 0.3050000     0.3109997E-03
 0.3150000     0.2809995E-03
 0.3250000     0.2299993E-03
 0.3350000     0.2319993E-03
 0.3450000     0.2149994E-03
 0.3550000     0.1959995E-03
 0.3650000     0.1819996E-03
 0.3750000     0.1459999E-03
 0.3850000     0.1449999E-03
 0.3950000     0.1240000E-03
 0.4050000     0.1060000E-03
 0.4150000     0.1369999E-03
 0.4250000     0.9600003E-04
 0.4350000     0.8900002E-04
 0.4450000     0.9400002E-04
 0.4550000     0.7500002E-04
 0.4650000     0.7400002E-04
 0.4750000     0.5600002E-04
 0.4850000     0.6100002E-04
 0.4950000     0.6300001E-04
 0.5050000     0.6200001E-04
 0.5150000     0.4900001E-04
 0.5250000     0.6200001E-04
 0.5350000     0.6200001E-04
 0.5450000     0.4600001E-04
 0.5550000     0.3700001E-04
 0.5650000     0.4500001E-04
 0.5750000     0.3500001E-04
 0.5850000     0.3400001E-04
 0.5950000     0.2600001E-04
 0.6050000     0.2400000E-04
 0.6150000     0.3300001E-04
 0.6250000     0.2400000E-04
 0.6350000     0.2500000E-04
 0.6450000     0.1800000E-04
 0.6550000     0.2700001E-04
 0.6650000     0.3100001E-04
 0.6750000     0.1700000E-04
 0.6850000     0.1500000E-04
 0.6950000     0.2100000E-04
 0.7050000     0.2500000E-04
 0.7150000     0.1700000E-04
 0.7250000     0.1600000E-04
 0.7350000     0.1700000E-04
 0.7450000     0.1100000E-04
 0.7550000     0.2000000E-04
 0.7650000     0.1400000E-04
 0.7750000     0.1300000E-04
 0.7850000     0.9000000E-05
 0.7950000     0.1100000E-04
 0.8049999     0.8000000E-05
 0.8150000     0.5000000E-05
 0.8250000     0.9000000E-05
 0.8350000     0.8000000E-05
 0.8450000     0.6000000E-05
 0.8550000     0.8000000E-05
 0.8650000     0.3000000E-05
 0.8750000     0.9000000E-05
 0.8850000     0.7000000E-05
 0.8950000     0.1100000E-04
 0.9050000     0.5000000E-05
 0.9150000     0.3000000E-05
 0.9250000     0.1000000E-05
 0.9350000     0.2000000E-05
 0.9450000     0.2000000E-05
 0.9550000     0.1000000E-05
 0.9650000     0.1000000E-05
 0.9750000      0.000000    
 0.9850000     0.1000000E-05
 0.9949999     0.4000000E-05
