 0.5000000E-02  0.000000    
 0.1500000E-01  0.000000    
 0.2500000E-01  0.000000    
 0.3500000E-01 0.1484813    
 0.4500000E-01 0.1292855    
 0.5500000E-01 0.9841166E-01
 0.6500000E-01 0.7823045E-01
 0.7500000E-01 0.6370904E-01
 0.8499999E-01 0.5302939E-01
 0.9500000E-01 0.4523605E-01
 0.1050000     0.3899719E-01
 0.1150000     0.3406820E-01
 0.1250000     0.2983244E-01
 0.1350000     0.2691474E-01
 0.1450000     0.2403605E-01
 0.1550000     0.2161146E-01
 0.1650000     0.1955397E-01
 0.1750000     0.1801260E-01
 0.1850000     0.1669328E-01
 0.1950000     0.1516491E-01
 0.2050000     0.1410566E-01
 0.2150000     0.1315243E-01
 0.2250000     0.1184812E-01
 0.2350000     0.1119596E-01
 0.2450000     0.1031375E-01
 0.2550000     0.9836634E-02
 0.2650000     0.8946420E-02
 0.2750000     0.8373282E-02
 0.2850000     0.8240250E-02
 0.2950000     0.7544207E-02
 0.3050000     0.7113304E-02
 0.3150000     0.6742388E-02
 0.3250000     0.6358474E-02
 0.3350000     0.6015552E-02
 0.3450000     0.5730616E-02
 0.3550000     0.5406689E-02
 0.3650000     0.5248724E-02
 0.3750000     0.4877808E-02
 0.3850000     0.4596871E-02
 0.3950000     0.4318934E-02
 0.4050000     0.4178965E-02
 0.4150000     0.3973012E-02
 0.4250000     0.3870027E-02
 0.4350000     0.3744026E-02
 0.4450000     0.3409023E-02
 0.4550000     0.3376023E-02
 0.4650000     0.3186021E-02
 0.4750000     0.3085021E-02
 0.4850000     0.2911019E-02
 0.4950000     0.2744018E-02
 0.5050000     0.2788018E-02
 0.5150000     0.2667018E-02
 0.5250000     0.2576017E-02
 0.5350000     0.2405016E-02
 0.5450000     0.2266014E-02
 0.5550000     0.2172014E-02
 0.5650000     0.2143014E-02
 0.5750000     0.2076013E-02
 0.5850000     0.1937012E-02
 0.5950000     0.1922012E-02
 0.6050000     0.1800011E-02
 0.6150000     0.1775011E-02
 0.6250000     0.1740011E-02
 0.6350000     0.1640010E-02
 0.6450000     0.1522009E-02
 0.6550000     0.1494009E-02
 0.6650000     0.1400008E-02
 0.6750000     0.1305007E-02
 0.6850000     0.1386008E-02
 0.6950000     0.1327007E-02
 0.7050000     0.1263007E-02
 0.7150000     0.1173006E-02
 0.7250000     0.1092006E-02
 0.7350000     0.1190006E-02
 0.7450000     0.1098006E-02
 0.7550000     0.1003005E-02
 0.7650000     0.9550046E-03
 0.7750000     0.9070042E-03
 0.7850000     0.9690047E-03
 0.7950000     0.8730040E-03
 0.8049999     0.8230036E-03
 0.8150000     0.7920034E-03
 0.8250000     0.7820033E-03
 0.8350000     0.6930026E-03
 0.8450000     0.6490023E-03
 0.8550000     0.6200020E-03
 0.8650000     0.5590016E-03
 0.8750000     0.5590016E-03
 0.8850000     0.5270013E-03
 0.8950000     0.5220013E-03
 0.9050000     0.4480007E-03
 0.9150000     0.4310006E-03
 0.9250000     0.3650001E-03
 0.9350000     0.3439999E-03
 0.9450000     0.3019996E-03
 0.9550000     0.2609993E-03
 0.9650000     0.2159994E-03
 0.9750000     0.1689997E-03
 0.9850000     0.1020000E-03
 0.9949999     0.3000001E-04
