 0.5000000E-02  0.000000    
 0.1500000E-01  0.000000    
 0.2500000E-01  0.000000    
 0.3500000E-01 0.4014035    
 0.4500000E-01 0.3527914    
 0.5500000E-01 0.2664053    
 0.6500000E-01 0.2111924    
 0.7500000E-01 0.1719671    
 0.8499999E-01 0.1440365    
 0.9500000E-01 0.1224666    
 0.1050000     0.1050449    
 0.1150000     0.9216481E-01
 0.1250000     0.8185955E-01
 0.1350000     0.7258862E-01
 0.1450000     0.6418527E-01
 0.1550000     0.5828286E-01
 0.1650000     0.5278479E-01
 0.1750000     0.4790372E-01
 0.1850000     0.4333514E-01
 0.1950000     0.3977093E-01
 0.2050000     0.3688962E-01
 0.2150000     0.3392743E-01
 0.2250000     0.3162916E-01
 0.2350000     0.2910426E-01
 0.2450000     0.2708778E-01
 0.2550000     0.2513931E-01
 0.2650000     0.2336689E-01
 0.2750000     0.2220361E-01
 0.2850000     0.2086728E-01
 0.2950000     0.1943794E-01
 0.3050000     0.1854973E-01
 0.3150000     0.1695434E-01
 0.3250000     0.1614515E-01
 0.3350000     0.1541497E-01
 0.3450000     0.1451676E-01
 0.3550000     0.1381659E-01
 0.3650000     0.1288637E-01
 0.3750000     0.1221721E-01
 0.3850000     0.1173109E-01
 0.3950000     0.1111294E-01
 0.4050000     0.1049779E-01
 0.4150000     0.9982669E-02
 0.4250000     0.9516557E-02
 0.4350000     0.8876403E-02
 0.4450000     0.8442299E-02
 0.4550000     0.8226247E-02
 0.4650000     0.7860159E-02
 0.4750000     0.7539209E-02
 0.4850000     0.7005329E-02
 0.4950000     0.6582424E-02
 0.5050000     0.6402465E-02
 0.5150000     0.6166518E-02
 0.5250000     0.5767608E-02
 0.5350000     0.5658632E-02
 0.5450000     0.5310711E-02
 0.5550000     0.5159745E-02
 0.5650000     0.5016777E-02
 0.5750000     0.4760834E-02
 0.5850000     0.4420911E-02
 0.5950000     0.4289940E-02
 0.6050000     0.4049995E-02
 0.6150000     0.3886027E-02
 0.6250000     0.3810026E-02
 0.6350000     0.3545024E-02
 0.6450000     0.3381023E-02
 0.6550000     0.3191022E-02
 0.6650000     0.3101021E-02
 0.6750000     0.2998020E-02
 0.6850000     0.2866019E-02
 0.6950000     0.2751018E-02
 0.7050000     0.2727018E-02
 0.7150000     0.2484016E-02
 0.7250000     0.2325015E-02
 0.7350000     0.2280015E-02
 0.7450000     0.2201014E-02
 0.7550000     0.2146014E-02
 0.7650000     0.1973012E-02
 0.7750000     0.1864012E-02
 0.7850000     0.1805011E-02
 0.7950000     0.1704010E-02
 0.8049999     0.1593009E-02
 0.8150000     0.1458008E-02
 0.8250000     0.1380008E-02
 0.8350000     0.1341008E-02
 0.8450000     0.1254007E-02
 0.8550000     0.1182006E-02
 0.8650000     0.1084006E-02
 0.8750000     0.1028005E-02
 0.8850000     0.8580039E-03
 0.8950000     0.8330037E-03
 0.9050000     0.7810033E-03
 0.9150000     0.6380022E-03
 0.9250000     0.6420022E-03
 0.9350000     0.5270013E-03
 0.9450000     0.4750009E-03
 0.9550000     0.3760002E-03
 0.9650000     0.2769994E-03
 0.9750000     0.2399992E-03
 0.9850000     0.1260000E-03
 0.9949999     0.4200001E-04
