 0.5000000E-02  0.000000    
 0.1500000E-01  0.000000    
 0.2500000E-01  0.000000    
 0.3500000E-01 0.1609650    
 0.4500000E-01 0.1407309    
 0.5500000E-01 0.1078074    
 0.6500000E-01 0.8545671E-01
 0.7500000E-01 0.6959847E-01
 0.8499999E-01 0.5811613E-01
 0.9500000E-01 0.4946918E-01
 0.1050000     0.4278903E-01
 0.1150000     0.3706633E-01
 0.1250000     0.3268145E-01
 0.1350000     0.2917228E-01
 0.1450000     0.2623758E-01
 0.1550000     0.2378299E-01
 0.1650000     0.2157345E-01
 0.1750000     0.1953596E-01
 0.1850000     0.1805461E-01
 0.1950000     0.1631619E-01
 0.2050000     0.1537597E-01
 0.2150000     0.1397563E-01
 0.2250000     0.1293138E-01
 0.2350000     0.1212618E-01
 0.2450000     0.1106793E-01
 0.2550000     0.1042578E-01
 0.2650000     0.9952662E-02
 0.2750000     0.9264496E-02
 0.2850000     0.8710363E-02
 0.2950000     0.8161231E-02
 0.3050000     0.7583199E-02
 0.3150000     0.7451228E-02
 0.3250000     0.6915349E-02
 0.3350000     0.6582424E-02
 0.3450000     0.6167518E-02
 0.3550000     0.6051544E-02
 0.3650000     0.5595646E-02
 0.3750000     0.5340704E-02
 0.3850000     0.5085761E-02
 0.3950000     0.4766833E-02
 0.4050000     0.4594872E-02
 0.4150000     0.4461902E-02
 0.4250000     0.4213958E-02
 0.4350000     0.4108981E-02
 0.4450000     0.3808026E-02
 0.4550000     0.3724026E-02
 0.4650000     0.3509024E-02
 0.4750000     0.3317022E-02
 0.4850000     0.3234022E-02
 0.4950000     0.3052020E-02
 0.5050000     0.2911019E-02
 0.5150000     0.2876019E-02
 0.5250000     0.2727018E-02
 0.5350000     0.2545017E-02
 0.5450000     0.2471016E-02
 0.5550000     0.2398015E-02
 0.5650000     0.2235014E-02
 0.5750000     0.2233014E-02
 0.5850000     0.2191014E-02
 0.5950000     0.2103013E-02
 0.6050000     0.1941012E-02
 0.6150000     0.1834011E-02
 0.6250000     0.1871012E-02
 0.6350000     0.1749011E-02
 0.6450000     0.1641010E-02
 0.6550000     0.1587009E-02
 0.6650000     0.1536009E-02
 0.6750000     0.1420008E-02
 0.6850000     0.1436008E-02
 0.6950000     0.1391008E-02
 0.7050000     0.1425008E-02
 0.7150000     0.1267007E-02
 0.7250000     0.1234007E-02
 0.7350000     0.1182006E-02
 0.7450000     0.1135006E-02
 0.7550000     0.1093006E-02
 0.7650000     0.1027005E-02
 0.7750000     0.9660047E-03
 0.7850000     0.9480045E-03
 0.7950000     0.9240044E-03
 0.8049999     0.8750040E-03
 0.8150000     0.8650039E-03
 0.8250000     0.8170035E-03
 0.8350000     0.7570031E-03
 0.8450000     0.7220028E-03
 0.8550000     0.6640024E-03
 0.8650000     0.6440022E-03
 0.8750000     0.5880018E-03
 0.8850000     0.5500015E-03
 0.8950000     0.5060012E-03
 0.9050000     0.4760009E-03
 0.9150000     0.4370006E-03
 0.9250000     0.4040004E-03
 0.9350000     0.3249998E-03
 0.9450000     0.3089997E-03
 0.9550000     0.2619993E-03
 0.9650000     0.1879996E-03
 0.9750000     0.1589998E-03
 0.9850000     0.1010000E-03
 0.9949999     0.4200001E-04
