 0.5000000E-02  0.000000    
 0.1500000E-01  0.000000    
 0.2500000E-01  0.000000    
 0.3500000E-01 0.1933744    
 0.4500000E-01 0.1223018    
 0.5500000E-01 0.6932392E-01
 0.6500000E-01 0.4292481E-01
 0.7500000E-01 0.2844511E-01
 0.8499999E-01 0.1939293E-01
 0.9500000E-01 0.1413467E-01
 0.1050000     0.1022673E-01
 0.1150000     0.7903169E-02
 0.1250000     0.6252498E-02
 0.1350000     0.4928797E-02
 0.1450000     0.3908026E-02
 0.1550000     0.3261022E-02
 0.1650000     0.2645017E-02
 0.1750000     0.2280015E-02
 0.1850000     0.1815011E-02
 0.1950000     0.1599009E-02
 0.2050000     0.1302007E-02
 0.2150000     0.1074006E-02
 0.2250000     0.9530046E-03
 0.2350000     0.8550038E-03
 0.2450000     0.7180028E-03
 0.2550000     0.6450022E-03
 0.2650000     0.5330014E-03
 0.2750000     0.4620008E-03
 0.2850000     0.4320006E-03
 0.2950000     0.4000004E-03
 0.3050000     0.3710001E-03
 0.3150000     0.3379999E-03
 0.3250000     0.2929996E-03
 0.3350000     0.2829995E-03
 0.3450000     0.2459992E-03
 0.3550000     0.2019995E-03
 0.3650000     0.2129994E-03
 0.3750000     0.1959995E-03
 0.3850000     0.1749997E-03
 0.3950000     0.1559998E-03
 0.4050000     0.1489999E-03
 0.4150000     0.1310000E-03
 0.4250000     0.1310000E-03
 0.4350000     0.1010000E-03
 0.4450000     0.1070000E-03
 0.4550000     0.7100002E-04
 0.4650000     0.1010000E-03
 0.4750000     0.7000002E-04
 0.4850000     0.8300002E-04
 0.4950000     0.6700002E-04
 0.5050000     0.7000002E-04
 0.5150000     0.6500001E-04
 0.5250000     0.5300001E-04
 0.5350000     0.5900002E-04
 0.5450000     0.5600002E-04
 0.5550000     0.3500001E-04
 0.5650000     0.3700001E-04
 0.5750000     0.5700002E-04
 0.5850000     0.3700001E-04
 0.5950000     0.3700001E-04
 0.6050000     0.2900001E-04
 0.6150000     0.3200001E-04
 0.6250000     0.2600001E-04
 0.6350000     0.2500000E-04
 0.6450000     0.2300000E-04
 0.6550000     0.2200000E-04
 0.6650000     0.2400000E-04
 0.6750000     0.2600001E-04
 0.6850000     0.2600001E-04
 0.6950000     0.2100000E-04
 0.7050000     0.2200000E-04
 0.7150000     0.2400000E-04
 0.7250000     0.1300000E-04
 0.7350000     0.1300000E-04
 0.7450000     0.1400000E-04
 0.7550000     0.2300000E-04
 0.7650000     0.9000000E-05
 0.7750000     0.1200000E-04
 0.7850000     0.1100000E-04
 0.7950000     0.1100000E-04
 0.8049999     0.1100000E-04
 0.8150000     0.8000000E-05
 0.8250000     0.1400000E-04
 0.8350000     0.1400000E-04
 0.8450000     0.4000000E-05
 0.8550000     0.6000000E-05
 0.8650000     0.6000000E-05
 0.8750000     0.1000000E-04
 0.8850000     0.8000000E-05
 0.8950000     0.5000000E-05
 0.9050000     0.2000000E-05
 0.9150000     0.7000000E-05
 0.9250000     0.3000000E-05
 0.9350000     0.9000000E-05
 0.9450000     0.2000000E-05
 0.9550000     0.1000000E-05
 0.9650000     0.3000000E-05
 0.9750000     0.1000000E-05
 0.9850000     0.2000000E-05
 0.9949999      0.000000    
