 0.5000000E-02  0.000000    
 0.1500000E-01  0.000000    
 0.2500000E-01  0.000000    
 0.3500000E-01  0.000000    
 0.4500000E-01  0.000000    
 0.5500000E-01  0.000000    
 0.6500000E-01  0.000000    
 0.7500000E-01  0.000000    
 0.8499999E-01  0.000000    
 0.9500000E-01  0.000000    
 0.1050000      0.000000    
 0.1150000      0.000000    
 0.1250000      0.000000    
 0.1350000      0.000000    
 0.1450000      0.000000    
 0.1550000      0.000000    
 0.1650000      0.000000    
 0.1750000      0.000000    
 0.1850000      0.000000    
 0.1950000      0.000000    
 0.2050000      0.000000    
 0.2150000      0.000000    
 0.2250000      0.000000    
 0.2350000      0.000000    
 0.2450000      0.000000    
 0.2550000      0.000000    
 0.2650000      0.000000    
 0.2750000      0.000000    
 0.2850000      0.000000    
 0.2950000      0.000000    
 0.3050000      0.000000    
 0.3150000     0.3710118E-02
 0.3250000     0.9188843E-02
 0.3350000     0.8645712E-02
 0.3450000     0.8151594E-02
 0.3550000     0.7721991E-02
 0.3650000     0.7363405E-02
 0.3750000     0.6983313E-02
 0.3850000     0.6643732E-02
 0.3950000     0.6404174E-02
 0.4050000     0.6116105E-02
 0.4150000     0.5610483E-02
 0.4250000     0.5538966E-02
 0.4350000     0.5263400E-02
 0.4450000     0.5067353E-02
 0.4550000     0.4797288E-02
 0.4650000     0.4528723E-02
 0.4750000     0.4328175E-02
 0.4850000     0.4190142E-02
 0.4950000     0.3928079E-02
 0.5050000     0.3897575E-02
 0.5150000     0.3694621E-02
 0.5250000     0.3595144E-02
 0.5350000     0.3459674E-02
 0.5450000     0.3247722E-02
 0.5550000     0.3080759E-02
 0.5650000     0.2990780E-02
 0.5750000     0.2781327E-02
 0.5850000     0.2721840E-02
 0.5950000     0.2607366E-02
 0.6050000     0.2540381E-02
 0.6150000     0.2419408E-02
 0.6250000     0.2322430E-02
 0.6350000     0.2200958E-02
 0.6450000     0.2085484E-02
 0.6550000     0.2014500E-02
 0.6650000     0.1989505E-02
 0.6750000     0.1876513E-02
 0.6850000     0.1807512E-02
 0.6950000     0.1748012E-02
 0.7050000     0.1662511E-02
 0.7150000     0.1615511E-02
 0.7250000     0.1479010E-02
 0.7350000     0.1400509E-02
 0.7450000     0.1318509E-02
 0.7550000     0.1281008E-02
 0.7650000     0.1185508E-02
 0.7750000     0.1170008E-02
 0.7850000     0.1102507E-02
 0.7950000     0.1034006E-02
 0.8049999     0.9745061E-03
 0.8150000     0.9195057E-03
 0.8250000     0.8540052E-03
 0.8350000     0.8065048E-03
 0.8450000     0.7280042E-03
 0.8550000     0.6925039E-03
 0.8650000     0.6325035E-03
 0.8750000     0.6070033E-03
 0.8850000     0.5275027E-03
 0.8950000     0.4765023E-03
 0.9050000     0.4255019E-03
 0.9150000     0.3995017E-03
 0.9250000     0.3465013E-03
 0.9350000     0.2950009E-03
 0.9450000     0.2385005E-03
 0.9550000     0.1985002E-03
 0.9650000     0.1614999E-03
 0.9750000     0.1024997E-03
 0.9850000     0.7149995E-04
 0.9949999     0.2450001E-04
