 0.5000000E-02  0.000000    
 0.1500000E-01  0.000000    
 0.2500000E-01  0.000000    
 0.3500000E-01  0.000000    
 0.4500000E-01  0.000000    
 0.5500000E-01  0.000000    
 0.6500000E-01  0.000000    
 0.7500000E-01  0.000000    
 0.8499999E-01  0.000000    
 0.9500000E-01  0.000000    
 0.1050000      0.000000    
 0.1150000      0.000000    
 0.1250000      0.000000    
 0.1350000      0.000000    
 0.1450000      0.000000    
 0.1550000      0.000000    
 0.1650000      0.000000    
 0.1750000      0.000000    
 0.1850000      0.000000    
 0.1950000      0.000000    
 0.2050000      0.000000    
 0.2150000      0.000000    
 0.2250000      0.000000    
 0.2350000      0.000000    
 0.2450000      0.000000    
 0.2550000      0.000000    
 0.2650000      0.000000    
 0.2750000      0.000000    
 0.2850000      0.000000    
 0.2950000      0.000000    
 0.3050000      0.000000    
 0.3150000     0.4052109E-02
 0.3250000     0.9752979E-02
 0.3350000     0.9067314E-02
 0.3450000     0.8656215E-02
 0.3550000     0.8104582E-02
 0.3650000     0.7519442E-02
 0.3750000     0.7144852E-02
 0.3850000     0.6699245E-02
 0.3950000     0.6412176E-02
 0.4050000     0.6036086E-02
 0.4150000     0.5731012E-02
 0.4250000     0.5385929E-02
 0.4350000     0.5189382E-02
 0.4450000     0.4828795E-02
 0.4550000     0.4595739E-02
 0.4650000     0.4223650E-02
 0.4750000     0.4141630E-02
 0.4850000     0.3940082E-02
 0.4950000     0.3823592E-02
 0.5050000     0.3576148E-02
 0.5150000     0.3344700E-02
 0.5250000     0.3240224E-02
 0.5350000     0.3092257E-02
 0.5450000     0.2885803E-02
 0.5550000     0.2726839E-02
 0.5650000     0.2648357E-02
 0.5750000     0.2461399E-02
 0.5850000     0.2338427E-02
 0.5950000     0.2224952E-02
 0.6050000     0.2134473E-02
 0.6150000     0.1999503E-02
 0.6250000     0.1932013E-02
 0.6350000     0.1840013E-02
 0.6450000     0.1764512E-02
 0.6550000     0.1629011E-02
 0.6650000     0.1564011E-02
 0.6750000     0.1452510E-02
 0.6850000     0.1408009E-02
 0.6950000     0.1362009E-02
 0.7050000     0.1291508E-02
 0.7150000     0.1183508E-02
 0.7250000     0.1071507E-02
 0.7350000     0.1053007E-02
 0.7450000     0.1003506E-02
 0.7550000     0.9215057E-03
 0.7650000     0.8785054E-03
 0.7750000     0.8400051E-03
 0.7850000     0.7815046E-03
 0.7950000     0.6965040E-03
 0.8049999     0.6865039E-03
 0.8150000     0.6030033E-03
 0.8250000     0.5630029E-03
 0.8350000     0.5245027E-03
 0.8450000     0.5260027E-03
 0.8550000     0.4180018E-03
 0.8650000     0.4265019E-03
 0.8750000     0.3550014E-03
 0.8850000     0.2895009E-03
 0.8950000     0.2720007E-03
 0.9050000     0.2565006E-03
 0.9150000     0.2000002E-03
 0.9250000     0.1745000E-03
 0.9350000     0.1599999E-03
 0.9450000     0.1249996E-03
 0.9550000     0.8849983E-04
 0.9650000     0.6050002E-04
 0.9750000     0.4250001E-04
 0.9850000     0.2300001E-04
 0.9949999     0.6000001E-05
