 0.5000000E-02 0.7197134E-01
 0.1500000E-01 0.8960788E-02
 0.2500000E-01 0.8621207E-02
 0.3500000E-01 0.8262120E-02
 0.4500000E-01 0.7749998E-02
 0.5500000E-01 0.7185362E-02
 0.6500000E-01 0.6604722E-02
 0.7500000E-01 0.5881048E-02
 0.8499999E-01 0.5214388E-02
 0.9500000E-01 0.4593239E-02
 0.1050000     0.3911075E-02
 0.1150000     0.3356197E-02
 0.1250000     0.2908798E-02
 0.1350000     0.2554378E-02
 0.1450000     0.2220953E-02
 0.1550000     0.1951513E-02
 0.1650000     0.1824512E-02
 0.1750000     0.1553510E-02
 0.1850000     0.1409509E-02
 0.1950000     0.1282008E-02
 0.2050000     0.1185008E-02
 0.2150000     0.1019006E-02
 0.2250000     0.9645060E-03
 0.2350000     0.8745053E-03
 0.2450000     0.7725045E-03
 0.2550000     0.7355043E-03
 0.2650000     0.6875039E-03
 0.2750000     0.6210034E-03
 0.2850000     0.5955032E-03
 0.2950000     0.5505029E-03
 0.3050000     0.4950024E-03
 0.3150000     0.4715023E-03
 0.3250000     0.4295019E-03
 0.3350000     0.4040017E-03
 0.3450000     0.3755015E-03
 0.3550000     0.3625014E-03
 0.3650000     0.3350012E-03
 0.3750000     0.3080010E-03
 0.3850000     0.2905009E-03
 0.3950000     0.2770008E-03
 0.4050000     0.2620007E-03
 0.4150000     0.2325004E-03
 0.4250000     0.2295004E-03
 0.4350000     0.2130003E-03
 0.4450000     0.2030002E-03
 0.4550000     0.1900001E-03
 0.4650000     0.1795000E-03
 0.4750000     0.1740000E-03
 0.4850000     0.1644999E-03
 0.4950000     0.1414997E-03
 0.5050000     0.1374997E-03
 0.5150000     0.1134997E-03
 0.5250000     0.1349997E-03
 0.5350000     0.1139997E-03
 0.5450000     0.1089997E-03
 0.5550000     0.1044997E-03
 0.5650000     0.1004997E-03
 0.5750000     0.8399986E-04
 0.5850000     0.8499985E-04
 0.5950000     0.8699984E-04
 0.6050000     0.8299987E-04
 0.6150000     0.7149995E-04
 0.6250000     0.7349993E-04
 0.6350000     0.5400001E-04
 0.6450000     0.4600001E-04
 0.6550000     0.5150001E-04
 0.6650000     0.4550001E-04
 0.6750000     0.4800001E-04
 0.6850000     0.4750001E-04
 0.6950000     0.3700001E-04
 0.7050000     0.4250001E-04
 0.7150000     0.3350001E-04
 0.7250000     0.3000001E-04
 0.7350000     0.3250001E-04
 0.7450000     0.2700001E-04
 0.7550000     0.1900000E-04
 0.7650000     0.3000001E-04
 0.7750000     0.2000000E-04
 0.7850000     0.1900000E-04
 0.7950000     0.1500000E-04
 0.8049999     0.1950000E-04
 0.8150000     0.1450000E-04
 0.8250000     0.9000001E-05
 0.8350000     0.1550000E-04
 0.8450000     0.7500001E-05
 0.8550000     0.1200000E-04
 0.8650000     0.8500001E-05
 0.8750000     0.5500000E-05
 0.8850000     0.4000000E-05
 0.8950000     0.5500000E-05
 0.9050000     0.1000000E-05
 0.9150000     0.6500001E-05
 0.9250000     0.2500000E-05
 0.9350000     0.2500000E-05
 0.9450000     0.1000000E-05
 0.9550000     0.1500000E-05
 0.9650000      0.000000    
 0.9750000      0.000000    
 0.9850000      0.000000    
 0.9949999      0.000000    
