 0.5000000E-02  0.000000    
 0.1500000E-01  0.000000    
 0.2500000E-01  0.000000    
 0.3500000E-01  1.021957    
 0.4500000E-01 0.8699173    
 0.5500000E-01 0.6338578    
 0.6500000E-01 0.4840293    
 0.7500000E-01 0.3807154    
 0.8499999E-01 0.3077856    
 0.9500000E-01 0.2544882    
 0.1050000     0.2128996    
 0.1150000     0.1807139    
 0.1250000     0.1549188    
 0.1350000     0.1340408    
 0.1450000     0.1169346    
 0.1550000     0.1032019    
 0.1650000     0.9099171E-01
 0.1750000     0.8094803E-01
 0.1850000     0.7198559E-01
 0.1950000     0.6434301E-01
 0.2050000     0.5772277E-01
 0.2150000     0.5208293E-01
 0.2250000     0.4719687E-01
 0.2350000     0.4285093E-01
 0.2450000     0.3889336E-01
 0.2550000     0.3554680E-01
 0.2650000     0.3194565E-01
 0.2750000     0.2965240E-01
 0.2850000     0.2720581E-01
 0.2950000     0.2478123E-01
 0.3050000     0.2309282E-01
 0.3150000     0.2101432E-01
 0.3250000     0.1943094E-01
 0.3350000     0.1772753E-01
 0.3450000     0.1639921E-01
 0.3550000     0.1530895E-01
 0.3650000     0.1429471E-01
 0.3750000     0.1299539E-01
 0.3850000     0.1210418E-01
 0.3950000     0.1115495E-01
 0.4050000     0.1046979E-01
 0.4150000     0.9688598E-02
 0.4250000     0.9052445E-02
 0.4350000     0.8373282E-02
 0.4450000     0.7729166E-02
 0.4550000     0.7255272E-02
 0.4650000     0.6761384E-02
 0.4750000     0.6263496E-02
 0.4850000     0.5750611E-02
 0.4950000     0.5531661E-02
 0.5050000     0.4995781E-02
 0.5150000     0.4713845E-02
 0.5250000     0.4344928E-02
 0.5350000     0.4113980E-02
 0.5450000     0.3940019E-02
 0.5550000     0.3525024E-02
 0.5650000     0.3352023E-02
 0.5750000     0.3216022E-02
 0.5850000     0.2975020E-02
 0.5950000     0.2804019E-02
 0.6050000     0.2601017E-02
 0.6150000     0.2442016E-02
 0.6250000     0.2202014E-02
 0.6350000     0.2015013E-02
 0.6450000     0.1867012E-02
 0.6550000     0.1777011E-02
 0.6650000     0.1616010E-02
 0.6750000     0.1556009E-02
 0.6850000     0.1412008E-02
 0.6950000     0.1285007E-02
 0.7050000     0.1245007E-02
 0.7150000     0.1131006E-02
 0.7250000     0.1008005E-02
 0.7350000     0.9680047E-03
 0.7450000     0.9500046E-03
 0.7550000     0.8360037E-03
 0.7650000     0.7130028E-03
 0.7750000     0.6860025E-03
 0.7850000     0.6420022E-03
 0.7950000     0.5750017E-03
 0.8049999     0.5340014E-03
 0.8150000     0.3960003E-03
 0.8250000     0.4500007E-03
 0.8350000     0.3870003E-03
 0.8450000     0.3369999E-03
 0.8550000     0.2689994E-03
 0.8650000     0.2589993E-03
 0.8750000     0.1969995E-03
 0.8850000     0.1909996E-03
 0.8950000     0.1699997E-03
 0.9050000     0.1639997E-03
 0.9150000     0.1170000E-03
 0.9250000     0.8500002E-04
 0.9350000     0.5800002E-04
 0.9450000     0.4700001E-04
 0.9550000     0.3800001E-04
 0.9650000     0.2800001E-04
 0.9750000     0.1200000E-04
 0.9850000     0.3000000E-05
 0.9949999      0.000000    
