 0.5000000E-02 0.1750461    
 0.1500000E-01 0.8840041E-03
 0.2500000E-01 0.6020019E-03
 0.3500000E-01 0.3530000E-03
 0.4500000E-01 0.1959995E-03
 0.5500000E-01 0.1369999E-03
 0.6500000E-01 0.1030000E-03
 0.7500000E-01 0.5400001E-04
 0.8499999E-01 0.4800001E-04
 0.9500000E-01 0.3700001E-04
 0.1050000     0.3500001E-04
 0.1150000     0.2700001E-04
 0.1250000     0.2200000E-04
 0.1350000     0.1400000E-04
 0.1450000     0.1200000E-04
 0.1550000     0.1800000E-04
 0.1650000     0.9000000E-05
 0.1750000     0.7000000E-05
 0.1850000     0.5000000E-05
 0.1950000     0.7000000E-05
 0.2050000     0.6000000E-05
 0.2150000     0.8000000E-05
 0.2250000     0.4000000E-05
 0.2350000     0.7000000E-05
 0.2450000     0.4000000E-05
 0.2550000     0.3000000E-05
 0.2650000     0.3000000E-05
 0.2750000     0.4000000E-05
 0.2850000     0.7000000E-05
 0.2950000     0.4000000E-05
 0.3050000      0.000000    
 0.3150000     0.2000000E-05
 0.3250000     0.2000000E-05
 0.3350000     0.1000000E-05
 0.3450000     0.3000000E-05
 0.3550000     0.1000000E-05
 0.3650000      0.000000    
 0.3750000     0.4000000E-05
 0.3850000     0.2000000E-05
 0.3950000      0.000000    
 0.4050000      0.000000    
 0.4150000      0.000000    
 0.4250000     0.2000000E-05
 0.4350000      0.000000    
 0.4450000     0.1000000E-05
 0.4550000     0.1000000E-05
 0.4650000     0.1000000E-05
 0.4750000      0.000000    
 0.4850000     0.1000000E-05
 0.4950000     0.3000000E-05
 0.5050000      0.000000    
 0.5150000      0.000000    
 0.5250000     0.1000000E-05
 0.5350000      0.000000    
 0.5450000      0.000000    
 0.5550000      0.000000    
 0.5650000     0.1000000E-05
 0.5750000      0.000000    
 0.5850000      0.000000    
 0.5950000      0.000000    
 0.6050000      0.000000    
 0.6150000      0.000000    
 0.6250000      0.000000    
 0.6350000     0.1000000E-05
 0.6450000      0.000000    
 0.6550000     0.1000000E-05
 0.6650000      0.000000    
 0.6750000      0.000000    
 0.6850000      0.000000    
 0.6950000      0.000000    
 0.7050000      0.000000    
 0.7150000      0.000000    
 0.7250000      0.000000    
 0.7350000     0.1000000E-05
 0.7450000      0.000000    
 0.7550000      0.000000    
 0.7650000     0.1000000E-05
 0.7750000      0.000000    
 0.7850000      0.000000    
 0.7950000      0.000000    
 0.8049999      0.000000    
 0.8150000      0.000000    
 0.8250000      0.000000    
 0.8350000      0.000000    
 0.8450000      0.000000    
 0.8550000      0.000000    
 0.8650000      0.000000    
 0.8750000      0.000000    
 0.8850000      0.000000    
 0.8950000      0.000000    
 0.9050000      0.000000    
 0.9150000      0.000000    
 0.9250000      0.000000    
 0.9350000      0.000000    
 0.9450000      0.000000    
 0.9550000      0.000000    
 0.9650000      0.000000    
 0.9750000      0.000000    
 0.9850000      0.000000    
 0.9949999      0.000000    
