 0.5000000E-02 0.2438394    
 0.1500000E-01 0.3542999E-01
 0.2500000E-01 0.6024766E-01
 0.3500000E-01 0.6456365E-01
 0.4500000E-01 0.4376644E-01
 0.5500000E-01 0.3195963E-01
 0.6500000E-01 0.2378799E-01
 0.7500000E-01 0.1863375E-01
 0.8499999E-01 0.1486184E-01
 0.9500000E-01 0.1197915E-01
 0.1050000     0.9805626E-02
 0.1150000     0.8368281E-02
 0.1250000     0.7062316E-02
 0.1350000     0.6304487E-02
 0.1450000     0.5401690E-02
 0.1550000     0.4778830E-02
 0.1650000     0.4140974E-02
 0.1750000     0.3683025E-02
 0.1850000     0.3250022E-02
 0.1950000     0.2958020E-02
 0.2050000     0.2641017E-02
 0.2150000     0.2398015E-02
 0.2250000     0.2255014E-02
 0.2350000     0.2056013E-02
 0.2450000     0.1866012E-02
 0.2550000     0.1818011E-02
 0.2650000     0.1569009E-02
 0.2750000     0.1468009E-02
 0.2850000     0.1368008E-02
 0.2950000     0.1312007E-02
 0.3050000     0.1193006E-02
 0.3150000     0.1113006E-02
 0.3250000     0.9830048E-03
 0.3350000     0.9790048E-03
 0.3450000     0.9010042E-03
 0.3550000     0.9140043E-03
 0.3650000     0.7720032E-03
 0.3750000     0.7920034E-03
 0.3850000     0.7360029E-03
 0.3950000     0.7240028E-03
 0.4050000     0.6740025E-03
 0.4150000     0.6300021E-03
 0.4250000     0.5710017E-03
 0.4350000     0.6000019E-03
 0.4450000     0.5090012E-03
 0.4550000     0.5520015E-03
 0.4650000     0.5040012E-03
 0.4750000     0.4720009E-03
 0.4850000     0.4450007E-03
 0.4950000     0.4140005E-03
 0.5050000     0.4400007E-03
 0.5150000     0.4120005E-03
 0.5250000     0.4410007E-03
 0.5350000     0.3840002E-03
 0.5450000     0.3279998E-03
 0.5550000     0.3359999E-03
 0.5650000     0.3079997E-03
 0.5750000     0.3179997E-03
 0.5850000     0.2869995E-03
 0.5950000     0.3189998E-03
 0.6050000     0.2879995E-03
 0.6150000     0.2529992E-03
 0.6250000     0.2489992E-03
 0.6350000     0.2559993E-03
 0.6450000     0.2319993E-03
 0.6550000     0.2209994E-03
 0.6650000     0.2169994E-03
 0.6750000     0.2409992E-03
 0.6850000     0.1889996E-03
 0.6950000     0.1929995E-03
 0.7050000     0.1959995E-03
 0.7150000     0.1849996E-03
 0.7250000     0.1809996E-03
 0.7350000     0.1849996E-03
 0.7450000     0.1689997E-03
 0.7550000     0.1409999E-03
 0.7650000     0.1330000E-03
 0.7750000     0.1549998E-03
 0.7850000     0.9700003E-04
 0.7950000     0.1300000E-03
 0.8049999     0.1320000E-03
 0.8150000     0.1160000E-03
 0.8250000     0.1100000E-03
 0.8350000     0.1040000E-03
 0.8450000     0.8500002E-04
 0.8550000     0.8300002E-04
 0.8650000     0.7900002E-04
 0.8750000     0.7700002E-04
 0.8850000     0.7100002E-04
 0.8950000     0.8500002E-04
 0.9050000     0.6100002E-04
 0.9150000     0.6800002E-04
 0.9250000     0.6200001E-04
 0.9350000     0.5500001E-04
 0.9450000     0.4400001E-04
 0.9550000     0.4800001E-04
 0.9650000     0.3600001E-04
 0.9750000     0.2600001E-04
 0.9850000     0.1000000E-04
 0.9949999     0.4000000E-05
