 0.5000000E-02 0.7950660E-01
 0.1500000E-01 0.3172239E-02
 0.2500000E-01 0.3191235E-02
 0.3500000E-01 0.3176738E-02
 0.4500000E-01 0.3179237E-02
 0.5500000E-01 0.3072261E-02
 0.6500000E-01 0.3116751E-02
 0.7500000E-01 0.3086758E-02
 0.8499999E-01 0.3002777E-02
 0.9500000E-01 0.2993279E-02
 0.1050000     0.2892802E-02
 0.1150000     0.2849811E-02
 0.1250000     0.2911298E-02
 0.1350000     0.2787326E-02
 0.1450000     0.2694846E-02
 0.1550000     0.2655355E-02
 0.1650000     0.2580872E-02
 0.1750000     0.2540381E-02
 0.1850000     0.2508888E-02
 0.1950000     0.2380917E-02
 0.2050000     0.2310433E-02
 0.2150000     0.2260944E-02
 0.2250000     0.2153468E-02
 0.2350000     0.2127974E-02
 0.2450000     0.2018499E-02
 0.2550000     0.1936013E-02
 0.2650000     0.1840513E-02
 0.2750000     0.1746012E-02
 0.2850000     0.1692011E-02
 0.2950000     0.1580511E-02
 0.3050000     0.1509510E-02
 0.3150000     0.1382509E-02
 0.3250000     0.1329009E-02
 0.3350000     0.1208008E-02
 0.3450000     0.1147507E-02
 0.3550000     0.1085007E-02
 0.3650000     0.9855061E-03
 0.3750000     0.9460059E-03
 0.3850000     0.8645052E-03
 0.3950000     0.8995055E-03
 0.4050000     0.7955047E-03
 0.4150000     0.7635045E-03
 0.4250000     0.7250042E-03
 0.4350000     0.6890039E-03
 0.4450000     0.6320035E-03
 0.4550000     0.5765031E-03
 0.4650000     0.5645030E-03
 0.4750000     0.5195026E-03
 0.4850000     0.5175026E-03
 0.4950000     0.4895024E-03
 0.5050000     0.4610022E-03
 0.5150000     0.4245019E-03
 0.5250000     0.4205019E-03
 0.5350000     0.3765015E-03
 0.5450000     0.3885016E-03
 0.5550000     0.3400013E-03
 0.5650000     0.3270012E-03
 0.5750000     0.3140011E-03
 0.5850000     0.2815008E-03
 0.5950000     0.2620007E-03
 0.6050000     0.2505006E-03
 0.6150000     0.2095003E-03
 0.6250000     0.2045002E-03
 0.6350000     0.2025002E-03
 0.6450000     0.1820000E-03
 0.6550000     0.1820000E-03
 0.6650000     0.1564999E-03
 0.6750000     0.1444998E-03
 0.6850000     0.1399997E-03
 0.6950000     0.1384997E-03
 0.7050000     0.1109997E-03
 0.7150000     0.1184996E-03
 0.7250000     0.1089997E-03
 0.7350000     0.8799983E-04
 0.7450000     0.8799983E-04
 0.7550000     0.7799990E-04
 0.7650000     0.6450000E-04
 0.7750000     0.6200001E-04
 0.7850000     0.4900001E-04
 0.7950000     0.4750001E-04
 0.8049999     0.3600001E-04
 0.8150000     0.4000001E-04
 0.8250000     0.3100001E-04
 0.8350000     0.3350001E-04
 0.8450000     0.2300001E-04
 0.8550000     0.2800001E-04
 0.8650000     0.2200001E-04
 0.8750000     0.1100000E-04
 0.8850000     0.1650000E-04
 0.8950000     0.1200000E-04
 0.9050000     0.9000001E-05
 0.9150000     0.3500000E-05
 0.9250000     0.6500001E-05
 0.9350000     0.3000000E-05
 0.9450000     0.2500000E-05
 0.9550000     0.1000000E-05
 0.9650000      0.000000    
 0.9750000     0.1500000E-05
 0.9850000     0.5000000E-06
 0.9949999      0.000000    
