 0.5000000E-02  0.000000    
 0.1500000E-01  0.000000    
 0.2500000E-01  0.000000    
 0.3500000E-01 0.5047770E-02
 0.4500000E-01 0.4391917E-02
 0.5500000E-01 0.3268022E-02
 0.6500000E-01 0.2620017E-02
 0.7500000E-01 0.2100013E-02
 0.8499999E-01 0.1756011E-02
 0.9500000E-01 0.1514009E-02
 0.1050000     0.1356008E-02
 0.1150000     0.1094006E-02
 0.1250000     0.9520046E-03
 0.1350000     0.8320037E-03
 0.1450000     0.7340029E-03
 0.1550000     0.6330021E-03
 0.1650000     0.6150020E-03
 0.1750000     0.5450015E-03
 0.1850000     0.5210013E-03
 0.1950000     0.4310006E-03
 0.2050000     0.3940003E-03
 0.2150000     0.3750002E-03
 0.2250000     0.3770002E-03
 0.2350000     0.3089997E-03
 0.2450000     0.3099997E-03
 0.2550000     0.2709994E-03
 0.2650000     0.2589993E-03
 0.2750000     0.2689994E-03
 0.2850000     0.2409992E-03
 0.2950000     0.1889996E-03
 0.3050000     0.2209994E-03
 0.3150000     0.1639997E-03
 0.3250000     0.1959995E-03
 0.3350000     0.1829996E-03
 0.3450000     0.1479999E-03
 0.3550000     0.1689997E-03
 0.3650000     0.1459999E-03
 0.3750000     0.1240000E-03
 0.3850000     0.1210000E-03
 0.3950000     0.1379999E-03
 0.4050000     0.1240000E-03
 0.4150000     0.1040000E-03
 0.4250000     0.9100002E-04
 0.4350000     0.1000000E-03
 0.4450000     0.1070000E-03
 0.4550000     0.8800002E-04
 0.4650000     0.8800002E-04
 0.4750000     0.9800003E-04
 0.4850000     0.8300002E-04
 0.4950000     0.8600002E-04
 0.5050000     0.7600002E-04
 0.5150000     0.8500002E-04
 0.5250000     0.6300001E-04
 0.5350000     0.6300001E-04
 0.5450000     0.6800002E-04
 0.5550000     0.7600002E-04
 0.5650000     0.5400001E-04
 0.5750000     0.5500001E-04
 0.5850000     0.4700001E-04
 0.5950000     0.4800001E-04
 0.6050000     0.5200001E-04
 0.6150000     0.6500001E-04
 0.6250000     0.4300001E-04
 0.6350000     0.4100001E-04
 0.6450000     0.3500001E-04
 0.6550000     0.3900001E-04
 0.6650000     0.3000001E-04
 0.6750000     0.4000001E-04
 0.6850000     0.3000001E-04
 0.6950000     0.2800001E-04
 0.7050000     0.3800001E-04
 0.7150000     0.2800001E-04
 0.7250000     0.3500001E-04
 0.7350000     0.3100001E-04
 0.7450000     0.2700001E-04
 0.7550000     0.3200001E-04
 0.7650000     0.2400000E-04
 0.7750000     0.1600000E-04
 0.7850000     0.1300000E-04
 0.7950000     0.2600001E-04
 0.8049999     0.2000000E-04
 0.8150000     0.1700000E-04
 0.8250000     0.1400000E-04
 0.8350000     0.1400000E-04
 0.8450000     0.1600000E-04
 0.8550000     0.1700000E-04
 0.8650000     0.1000000E-04
 0.8750000     0.1300000E-04
 0.8850000     0.1900000E-04
 0.8950000     0.1400000E-04
 0.9050000     0.1200000E-04
 0.9150000     0.1400000E-04
 0.9250000     0.7000000E-05
 0.9350000     0.4000000E-05
 0.9450000     0.1100000E-04
 0.9550000     0.8000000E-05
 0.9650000     0.8000000E-05
 0.9750000     0.4000000E-05
 0.9850000     0.2000000E-05
 0.9949999      0.000000    
