 0.5000000E-02 0.4939341    
 0.1500000E-01 0.1713739E-01
 0.2500000E-01 0.2899524E-01
 0.3500000E-01 0.2925830E-01
 0.4500000E-01 0.1759150E-01
 0.5500000E-01 0.1177710E-01
 0.6500000E-01 0.8231248E-02
 0.7500000E-01 0.6124527E-02
 0.8499999E-01 0.4842816E-02
 0.9500000E-01 0.3844026E-02
 0.1050000     0.3097021E-02
 0.1150000     0.2609017E-02
 0.1250000     0.2129013E-02
 0.1350000     0.1833011E-02
 0.1450000     0.1535009E-02
 0.1550000     0.1338008E-02
 0.1650000     0.1207007E-02
 0.1750000     0.1088006E-02
 0.1850000     0.1009005E-02
 0.1950000     0.8730040E-03
 0.2050000     0.8370037E-03
 0.2150000     0.7060027E-03
 0.2250000     0.6070019E-03
 0.2350000     0.5820018E-03
 0.2450000     0.5770017E-03
 0.2550000     0.5010011E-03
 0.2650000     0.4870010E-03
 0.2750000     0.4000004E-03
 0.2850000     0.3680001E-03
 0.2950000     0.3670001E-03
 0.3050000     0.3339999E-03
 0.3150000     0.3089997E-03
 0.3250000     0.2989996E-03
 0.3350000     0.2629993E-03
 0.3450000     0.2479992E-03
 0.3550000     0.2479992E-03
 0.3650000     0.1909996E-03
 0.3750000     0.1959995E-03
 0.3850000     0.1999995E-03
 0.3950000     0.1939995E-03
 0.4050000     0.2009995E-03
 0.4150000     0.1889996E-03
 0.4250000     0.1659997E-03
 0.4350000     0.1579998E-03
 0.4450000     0.1459999E-03
 0.4550000     0.1549998E-03
 0.4650000     0.1270000E-03
 0.4750000     0.1310000E-03
 0.4850000     0.1369999E-03
 0.4950000     0.1100000E-03
 0.5050000     0.1040000E-03
 0.5150000     0.1020000E-03
 0.5250000     0.1000000E-03
 0.5350000     0.8700002E-04
 0.5450000     0.1020000E-03
 0.5550000     0.9200002E-04
 0.5650000     0.9500002E-04
 0.5750000     0.8300002E-04
 0.5850000     0.6700002E-04
 0.5950000     0.5900002E-04
 0.6050000     0.8500002E-04
 0.6150000     0.7100002E-04
 0.6250000     0.5800002E-04
 0.6350000     0.6600002E-04
 0.6450000     0.6500001E-04
 0.6550000     0.5700002E-04
 0.6650000     0.5000001E-04
 0.6750000     0.6300001E-04
 0.6850000     0.4400001E-04
 0.6950000     0.5800002E-04
 0.7050000     0.4800001E-04
 0.7150000     0.5400001E-04
 0.7250000     0.5000001E-04
 0.7350000     0.5500001E-04
 0.7450000     0.2900001E-04
 0.7550000     0.4600001E-04
 0.7650000     0.3300001E-04
 0.7750000     0.3700001E-04
 0.7850000     0.3300001E-04
 0.7950000     0.3600001E-04
 0.8049999     0.2900001E-04
 0.8150000     0.3400001E-04
 0.8250000     0.3100001E-04
 0.8350000     0.3200001E-04
 0.8450000     0.2400000E-04
 0.8550000     0.2400000E-04
 0.8650000     0.2400000E-04
 0.8750000     0.2900001E-04
 0.8850000     0.1000000E-04
 0.8950000     0.1700000E-04
 0.9050000     0.2200000E-04
 0.9150000     0.2200000E-04
 0.9250000     0.6000000E-05
 0.9350000     0.1400000E-04
 0.9450000     0.1400000E-04
 0.9550000     0.1300000E-04
 0.9650000     0.3000000E-05
 0.9750000     0.1200000E-04
 0.9850000     0.3000000E-05
 0.9949999     0.2000000E-05
