 0.5000000E-02 0.8729772E-01
 0.1500000E-01 0.2326986E-01
 0.2500000E-01 0.1732943E-01
 0.3500000E-01 0.1111494E-01
 0.4500000E-01 0.7124302E-02
 0.5500000E-01 0.4937795E-02
 0.6500000E-01 0.3681025E-02
 0.7500000E-01 0.2798019E-02
 0.8499999E-01 0.2174014E-02
 0.9500000E-01 0.1760011E-02
 0.1050000     0.1440008E-02
 0.1150000     0.1166006E-02
 0.1250000     0.9820048E-03
 0.1350000     0.8290036E-03
 0.1450000     0.7390029E-03
 0.1550000     0.6620024E-03
 0.1650000     0.5530015E-03
 0.1750000     0.5170013E-03
 0.1850000     0.4360006E-03
 0.1950000     0.3800002E-03
 0.2050000     0.3630001E-03
 0.2150000     0.3009996E-03
 0.2250000     0.2979996E-03
 0.2350000     0.2449992E-03
 0.2450000     0.2259993E-03
 0.2550000     0.2409992E-03
 0.2650000     0.2109994E-03
 0.2750000     0.1879996E-03
 0.2850000     0.1739997E-03
 0.2950000     0.1729997E-03
 0.3050000     0.1549998E-03
 0.3150000     0.1300000E-03
 0.3250000     0.1389999E-03
 0.3350000     0.1200000E-03
 0.3450000     0.1090000E-03
 0.3550000     0.1000000E-03
 0.3650000     0.1050000E-03
 0.3750000     0.7500002E-04
 0.3850000     0.9200002E-04
 0.3950000     0.9400002E-04
 0.4050000     0.7300002E-04
 0.4150000     0.6600002E-04
 0.4250000     0.5600002E-04
 0.4350000     0.5400001E-04
 0.4450000     0.6000002E-04
 0.4550000     0.6400001E-04
 0.4650000     0.5900002E-04
 0.4750000     0.6300001E-04
 0.4850000     0.4300001E-04
 0.4950000     0.3000001E-04
 0.5050000     0.3300001E-04
 0.5150000     0.4000001E-04
 0.5250000     0.3200001E-04
 0.5350000     0.3000001E-04
 0.5450000     0.3000001E-04
 0.5550000     0.1500000E-04
 0.5650000     0.2300000E-04
 0.5750000     0.1600000E-04
 0.5850000     0.1600000E-04
 0.5950000     0.2200000E-04
 0.6050000     0.2000000E-04
 0.6150000     0.1600000E-04
 0.6250000     0.1700000E-04
 0.6350000     0.2200000E-04
 0.6450000     0.2000000E-04
 0.6550000     0.8000000E-05
 0.6650000     0.1300000E-04
 0.6750000     0.1100000E-04
 0.6850000     0.1300000E-04
 0.6950000     0.4000000E-05
 0.7050000     0.1200000E-04
 0.7150000     0.5000000E-05
 0.7250000     0.1200000E-04
 0.7350000     0.1200000E-04
 0.7450000     0.6000000E-05
 0.7550000     0.1000000E-04
 0.7650000     0.1000000E-04
 0.7750000     0.3000000E-05
 0.7850000     0.5000000E-05
 0.7950000     0.4000000E-05
 0.8049999     0.2000000E-05
 0.8150000     0.3000000E-05
 0.8250000     0.4000000E-05
 0.8350000     0.2000000E-05
 0.8450000     0.3000000E-05
 0.8550000     0.3000000E-05
 0.8650000     0.3000000E-05
 0.8750000     0.1000000E-05
 0.8850000     0.4000000E-05
 0.8950000      0.000000    
 0.9050000     0.1000000E-05
 0.9150000     0.1000000E-05
 0.9250000      0.000000    
 0.9350000     0.1000000E-05
 0.9450000      0.000000    
 0.9550000      0.000000    
 0.9650000      0.000000    
 0.9750000      0.000000    
 0.9850000      0.000000    
 0.9949999      0.000000    
