 0.5000000E-02  0.000000    
 0.1500000E-01  0.000000    
 0.2500000E-01  0.000000    
 0.3500000E-01  1.045832    
 0.4500000E-01 0.8910787    
 0.5500000E-01 0.6582413    
 0.6500000E-01 0.5067257    
 0.7500000E-01 0.4035466    
 0.8499999E-01 0.3283846    
 0.9500000E-01 0.2740576    
 0.1050000     0.2313027    
 0.1150000     0.1977812    
 0.1250000     0.1710816    
 0.1350000     0.1485961    
 0.1450000     0.1309438    
 0.1550000     0.1149957    
 0.1650000     0.1027366    
 0.1750000     0.9140504E-01
 0.1850000     0.8189350E-01
 0.1950000     0.7333640E-01
 0.2050000     0.6682198E-01
 0.2150000     0.6037346E-01
 0.2250000     0.5491233E-01
 0.2350000     0.4996238E-01
 0.2450000     0.4553657E-01
 0.2550000     0.4195439E-01
 0.2650000     0.3835224E-01
 0.2750000     0.3518039E-01
 0.2850000     0.3233901E-01
 0.2950000     0.2997347E-01
 0.3050000     0.2756990E-01
 0.3150000     0.2546239E-01
 0.3250000     0.2379099E-01
 0.3350000     0.2159446E-01
 0.3450000     0.2045819E-01
 0.3550000     0.1883280E-01
 0.3650000     0.1745947E-01
 0.3750000     0.1620416E-01
 0.3850000     0.1498887E-01
 0.3950000     0.1398163E-01
 0.4050000     0.1304541E-01
 0.4150000     0.1231423E-01
 0.4250000     0.1134400E-01
 0.4350000     0.1051680E-01
 0.4450000     0.1013471E-01
 0.4550000     0.9330512E-02
 0.4650000     0.8825391E-02
 0.4750000     0.8140226E-02
 0.4850000     0.7674178E-02
 0.4950000     0.7125302E-02
 0.5050000     0.6732390E-02
 0.5150000     0.6236502E-02
 0.5250000     0.5990557E-02
 0.5350000     0.5365698E-02
 0.5450000     0.5016777E-02
 0.5550000     0.4742838E-02
 0.5650000     0.4502892E-02
 0.5750000     0.4315935E-02
 0.5850000     0.3981010E-02
 0.5950000     0.3591025E-02
 0.6050000     0.3497024E-02
 0.6150000     0.3141021E-02
 0.6250000     0.3077021E-02
 0.6350000     0.2835019E-02
 0.6450000     0.2650017E-02
 0.6550000     0.2489016E-02
 0.6650000     0.2177014E-02
 0.6750000     0.2090013E-02
 0.6850000     0.1949012E-02
 0.6950000     0.1785011E-02
 0.7050000     0.1668010E-02
 0.7150000     0.1583009E-02
 0.7250000     0.1507009E-02
 0.7350000     0.1399008E-02
 0.7450000     0.1313007E-02
 0.7550000     0.1180006E-02
 0.7650000     0.1086006E-02
 0.7750000     0.1011005E-02
 0.7850000     0.8650039E-03
 0.7950000     0.8490038E-03
 0.8049999     0.7440030E-03
 0.8150000     0.6670024E-03
 0.8250000     0.6190020E-03
 0.8350000     0.5920018E-03
 0.8450000     0.5250013E-03
 0.8550000     0.4770010E-03
 0.8650000     0.4120005E-03
 0.8750000     0.3880003E-03
 0.8850000     0.2889995E-03
 0.8950000     0.2629993E-03
 0.9050000     0.2519992E-03
 0.9150000     0.1849996E-03
 0.9250000     0.1359999E-03
 0.9350000     0.1090000E-03
 0.9450000     0.8600002E-04
 0.9550000     0.6600002E-04
 0.9650000     0.5800002E-04
 0.9750000     0.2400000E-04
 0.9850000     0.5000000E-05
 0.9949999      0.000000    
