 0.5000000E-02 0.7504036E-01
 0.1500000E-01 0.8949785E-02
 0.2500000E-01 0.8778244E-02
 0.3500000E-01 0.8315633E-02
 0.4500000E-01 0.7872026E-02
 0.5500000E-01 0.7297889E-02
 0.6500000E-01 0.6652234E-02
 0.7500000E-01 0.6005578E-02
 0.8499999E-01 0.5356422E-02
 0.9500000E-01 0.4653753E-02
 0.1050000     0.4047107E-02
 0.1150000     0.3383691E-02
 0.1250000     0.2967785E-02
 0.1350000     0.2557377E-02
 0.1450000     0.2283439E-02
 0.1550000     0.2022498E-02
 0.1650000     0.1785512E-02
 0.1750000     0.1605011E-02
 0.1850000     0.1409009E-02
 0.1950000     0.1275508E-02
 0.2050000     0.1154007E-02
 0.2150000     0.1040007E-02
 0.2250000     0.1015006E-02
 0.2350000     0.8990055E-03
 0.2450000     0.8495051E-03
 0.2550000     0.7430043E-03
 0.2650000     0.6940039E-03
 0.2750000     0.6845039E-03
 0.2850000     0.5915032E-03
 0.2950000     0.5640030E-03
 0.3050000     0.5305027E-03
 0.3150000     0.4770023E-03
 0.3250000     0.4775023E-03
 0.3350000     0.4525021E-03
 0.3450000     0.3860016E-03
 0.3550000     0.3655014E-03
 0.3650000     0.3310012E-03
 0.3750000     0.3260011E-03
 0.3850000     0.2985009E-03
 0.3950000     0.2790008E-03
 0.4050000     0.2605006E-03
 0.4150000     0.2610006E-03
 0.4250000     0.2345004E-03
 0.4350000     0.2325004E-03
 0.4450000     0.2015002E-03
 0.4550000     0.1850001E-03
 0.4650000     0.1765000E-03
 0.4750000     0.1659999E-03
 0.4850000     0.1634999E-03
 0.4950000     0.1454998E-03
 0.5050000     0.1459998E-03
 0.5150000     0.1354997E-03
 0.5250000     0.1194996E-03
 0.5350000     0.1054997E-03
 0.5450000     0.1009997E-03
 0.5550000     0.1079997E-03
 0.5650000     0.1059997E-03
 0.5750000     0.8799983E-04
 0.5850000     0.8449986E-04
 0.5950000     0.7699991E-04
 0.6050000     0.6999996E-04
 0.6150000     0.8249987E-04
 0.6250000     0.7199994E-04
 0.6350000     0.5850002E-04
 0.6450000     0.4850001E-04
 0.6550000     0.5650002E-04
 0.6650000     0.4050001E-04
 0.6750000     0.4950001E-04
 0.6850000     0.4550001E-04
 0.6950000     0.4450001E-04
 0.7050000     0.3650001E-04
 0.7150000     0.3650001E-04
 0.7250000     0.2250001E-04
 0.7350000     0.3000001E-04
 0.7450000     0.3050001E-04
 0.7550000     0.2850001E-04
 0.7650000     0.2350001E-04
 0.7750000     0.1600000E-04
 0.7850000     0.1600000E-04
 0.7950000     0.1750000E-04
 0.8049999     0.1550000E-04
 0.8150000     0.1750000E-04
 0.8250000     0.1100000E-04
 0.8350000     0.1300000E-04
 0.8450000     0.9000001E-05
 0.8550000     0.1000000E-04
 0.8650000     0.7000001E-05
 0.8750000     0.5500000E-05
 0.8850000     0.7000001E-05
 0.8950000     0.5000000E-05
 0.9050000     0.5500000E-05
 0.9150000     0.3500000E-05
 0.9250000     0.2000000E-05
 0.9350000     0.1500000E-05
 0.9450000     0.5000000E-06
 0.9550000     0.1000000E-05
 0.9650000      0.000000    
 0.9750000      0.000000    
 0.9850000      0.000000    
 0.9949999      0.000000    
