 0.5000000E-02  0.000000    
 0.1500000E-01  0.000000    
 0.2500000E-01  0.000000    
 0.3500000E-01 0.9630316    
 0.4500000E-01 0.8130389    
 0.5500000E-01 0.5935090    
 0.6500000E-01 0.4549208    
 0.7500000E-01 0.3593970    
 0.8499999E-01 0.2891687    
 0.9500000E-01 0.2387157    
 0.1050000     0.1996661    
 0.1150000     0.1696240    
 0.1250000     0.1458286    
 0.1350000     0.1253279    
 0.1450000     0.1100817    
 0.1550000     0.9566013E-01
 0.1650000     0.8483572E-01
 0.1750000     0.7493480E-01
 0.1850000     0.6695377E-01
 0.1950000     0.5980438E-01
 0.2050000     0.5340778E-01
 0.2150000     0.4779689E-01
 0.2250000     0.4343598E-01
 0.2350000     0.3934862E-01
 0.2450000     0.3586828E-01
 0.2550000     0.3249576E-01
 0.2650000     0.2955837E-01
 0.2750000     0.2720981E-01
 0.2850000     0.2477322E-01
 0.2950000     0.2276074E-01
 0.3050000     0.2095931E-01
 0.3150000     0.1878178E-01
 0.3250000     0.1747647E-01
 0.3350000     0.1638021E-01
 0.3450000     0.1508390E-01
 0.3550000     0.1377858E-01
 0.3650000     0.1283235E-01
 0.3750000     0.1195014E-01
 0.3850000     0.1094090E-01
 0.3950000     0.1002368E-01
 0.4050000     0.9483549E-02
 0.4150000     0.8707362E-02
 0.4250000     0.8115220E-02
 0.4350000     0.7455227E-02
 0.4450000     0.6903352E-02
 0.4550000     0.6521438E-02
 0.4650000     0.6081537E-02
 0.4750000     0.5540659E-02
 0.4850000     0.5276718E-02
 0.4950000     0.4940794E-02
 0.5050000     0.4573877E-02
 0.5150000     0.4281942E-02
 0.5250000     0.3963014E-02
 0.5350000     0.3681025E-02
 0.5450000     0.3358023E-02
 0.5550000     0.3346023E-02
 0.5650000     0.3012020E-02
 0.5750000     0.2777018E-02
 0.5850000     0.2621017E-02
 0.5950000     0.2432016E-02
 0.6050000     0.2272015E-02
 0.6150000     0.2085013E-02
 0.6250000     0.1952012E-02
 0.6350000     0.1821011E-02
 0.6450000     0.1739011E-02
 0.6550000     0.1506009E-02
 0.6650000     0.1480009E-02
 0.6750000     0.1321007E-02
 0.6850000     0.1265007E-02
 0.6950000     0.1230007E-02
 0.7050000     0.1112006E-02
 0.7150000     0.9760048E-03
 0.7250000     0.9050042E-03
 0.7350000     0.8250036E-03
 0.7450000     0.7220028E-03
 0.7550000     0.6770025E-03
 0.7650000     0.6220021E-03
 0.7750000     0.5800017E-03
 0.7850000     0.5390014E-03
 0.7950000     0.5020011E-03
 0.8049999     0.3930003E-03
 0.8150000     0.3930003E-03
 0.8250000     0.3439999E-03
 0.8350000     0.3009996E-03
 0.8450000     0.2569993E-03
 0.8550000     0.2279993E-03
 0.8650000     0.2349993E-03
 0.8750000     0.2129994E-03
 0.8850000     0.1769997E-03
 0.8950000     0.1320000E-03
 0.9050000     0.1340000E-03
 0.9150000     0.9500002E-04
 0.9250000     0.8000002E-04
 0.9350000     0.4900001E-04
 0.9450000     0.3500001E-04
 0.9550000     0.3100001E-04
 0.9650000     0.2100000E-04
 0.9750000     0.1200000E-04
 0.9850000     0.3000000E-05
 0.9949999      0.000000    
