 0.5000000E-02 0.2435883    
 0.1500000E-01 0.3523660E-02
 0.2500000E-01 0.6642731E-02
 0.3500000E-01 0.9441404E-02
 0.4500000E-01 0.1085924E-01
 0.5500000E-01 0.1349288E-01
 0.6500000E-01 0.1595735E-01
 0.7500000E-01 0.1891904E-01
 0.8499999E-01 0.2146840E-01
 0.9500000E-01 0.2349510E-01
 0.1050000     0.2312770E-01
 0.1150000     0.2025387E-01
 0.1250000     0.1783430E-01
 0.1350000     0.1581308E-01
 0.1450000     0.1412453E-01
 0.1550000     0.1277120E-01
 0.1650000     0.1149690E-01
 0.1750000     0.1048515E-01
 0.1850000     0.9498917E-02
 0.1950000     0.8617206E-02
 0.2050000     0.7964549E-02
 0.2150000     0.7286886E-02
 0.2250000     0.6832777E-02
 0.2350000     0.6206627E-02
 0.2450000     0.5850541E-02
 0.2550000     0.5338918E-02
 0.2650000     0.5038346E-02
 0.2750000     0.4743775E-02
 0.2850000     0.4422698E-02
 0.2950000     0.4102121E-02
 0.3050000     0.3855585E-02
 0.3150000     0.3600642E-02
 0.3250000     0.3411685E-02
 0.3350000     0.3231226E-02
 0.3450000     0.3094256E-02
 0.3550000     0.2925294E-02
 0.3650000     0.2742336E-02
 0.3750000     0.2625862E-02
 0.3850000     0.2500890E-02
 0.3950000     0.2397913E-02
 0.4050000     0.2233450E-02
 0.4150000     0.2144970E-02
 0.4250000     0.2074986E-02
 0.4350000     0.1962011E-02
 0.4450000     0.1912513E-02
 0.4550000     0.1769012E-02
 0.4650000     0.1802012E-02
 0.4750000     0.1679511E-02
 0.4850000     0.1600511E-02
 0.4950000     0.1547010E-02
 0.5050000     0.1500510E-02
 0.5150000     0.1378009E-02
 0.5250000     0.1339009E-02
 0.5350000     0.1274008E-02
 0.5450000     0.1273508E-02
 0.5550000     0.1163007E-02
 0.5650000     0.1090007E-02
 0.5750000     0.1088507E-02
 0.5850000     0.1054007E-02
 0.5950000     0.1009506E-02
 0.6050000     0.9875061E-03
 0.6150000     0.9245057E-03
 0.6250000     0.8655053E-03
 0.6350000     0.8495051E-03
 0.6450000     0.8580052E-03
 0.6550000     0.8120048E-03
 0.6650000     0.8125048E-03
 0.6750000     0.7650045E-03
 0.6850000     0.7585044E-03
 0.6950000     0.7315042E-03
 0.7050000     0.6810038E-03
 0.7150000     0.6280034E-03
 0.7250000     0.6355035E-03
 0.7350000     0.5755030E-03
 0.7450000     0.5685030E-03
 0.7550000     0.5425028E-03
 0.7650000     0.5095025E-03
 0.7750000     0.4735023E-03
 0.7850000     0.4990025E-03
 0.7950000     0.4445020E-03
 0.8049999     0.4135018E-03
 0.8150000     0.3970017E-03
 0.8250000     0.3715015E-03
 0.8350000     0.3775015E-03
 0.8450000     0.3720015E-03
 0.8550000     0.3240011E-03
 0.8650000     0.2985009E-03
 0.8750000     0.2745008E-03
 0.8850000     0.2580006E-03
 0.8950000     0.2380005E-03
 0.9050000     0.2330004E-03
 0.9150000     0.2025002E-03
 0.9250000     0.1985002E-03
 0.9350000     0.1459998E-03
 0.9450000     0.1354997E-03
 0.9550000     0.1034997E-03
 0.9650000     0.9049982E-04
 0.9750000     0.6350000E-04
 0.9850000     0.3950001E-04
 0.9949999     0.1050000E-04
