 0.5000000E-02  0.000000    
 0.1500000E-01  0.000000    
 0.2500000E-01  0.000000    
 0.3500000E-01  0.000000    
 0.4500000E-01  0.000000    
 0.5500000E-01  0.000000    
 0.6500000E-01  0.000000    
 0.7500000E-01  0.000000    
 0.8499999E-01  0.000000    
 0.9500000E-01  0.000000    
 0.1050000     0.1566511E-02
 0.1150000     0.1377509E-02
 0.1250000     0.1215008E-02
 0.1350000     0.1129507E-02
 0.1450000     0.9860061E-03
 0.1550000     0.9250057E-03
 0.1650000     0.8190049E-03
 0.1750000     0.7305042E-03
 0.1850000     0.6810038E-03
 0.1950000     0.6340035E-03
 0.2050000     0.5890031E-03
 0.2150000     0.5395028E-03
 0.2250000     0.5235026E-03
 0.2350000     0.4930024E-03
 0.2450000     0.4400020E-03
 0.2550000     0.4110018E-03
 0.2650000     0.3960017E-03
 0.2750000     0.3875016E-03
 0.2850000     0.3410013E-03
 0.2950000     0.3395012E-03
 0.3050000     0.2965009E-03
 0.3150000     0.2925009E-03
 0.3250000     0.2725007E-03
 0.3350000     0.2480005E-03
 0.3450000     0.2535006E-03
 0.3550000     0.2370005E-03
 0.3650000     0.2310004E-03
 0.3750000     0.1945001E-03
 0.3850000     0.2010002E-03
 0.3950000     0.1845001E-03
 0.4050000     0.1755000E-03
 0.4150000     0.1810000E-03
 0.4250000     0.1669999E-03
 0.4350000     0.1534998E-03
 0.4450000     0.1424997E-03
 0.4550000     0.1334997E-03
 0.4650000     0.1494998E-03
 0.4750000     0.1209996E-03
 0.4850000     0.1299997E-03
 0.4950000     0.1169996E-03
 0.5050000     0.1079997E-03
 0.5150000     0.1054997E-03
 0.5250000     0.1039997E-03
 0.5350000     0.9349980E-04
 0.5450000     0.9199981E-04
 0.5550000     0.9299980E-04
 0.5650000     0.9549978E-04
 0.5750000     0.8249987E-04
 0.5850000     0.7199994E-04
 0.5950000     0.7299994E-04
 0.6050000     0.6649998E-04
 0.6150000     0.8399986E-04
 0.6250000     0.6200001E-04
 0.6350000     0.6599999E-04
 0.6450000     0.7049995E-04
 0.6550000     0.5500001E-04
 0.6650000     0.6250001E-04
 0.6750000     0.5400001E-04
 0.6850000     0.4900001E-04
 0.6950000     0.5650002E-04
 0.7050000     0.4350001E-04
 0.7150000     0.5100001E-04
 0.7250000     0.5200001E-04
 0.7350000     0.4050001E-04
 0.7450000     0.3550001E-04
 0.7550000     0.3150001E-04
 0.7650000     0.3800001E-04
 0.7750000     0.3350001E-04
 0.7850000     0.4300001E-04
 0.7950000     0.3400001E-04
 0.8049999     0.2650001E-04
 0.8150000     0.2750001E-04
 0.8250000     0.3100001E-04
 0.8350000     0.2450001E-04
 0.8450000     0.2700001E-04
 0.8550000     0.2000000E-04
 0.8650000     0.2200001E-04
 0.8750000     0.2100001E-04
 0.8850000     0.2550001E-04
 0.8950000     0.1700000E-04
 0.9050000     0.1700000E-04
 0.9150000     0.1600000E-04
 0.9250000     0.1400000E-04
 0.9350000     0.7000001E-05
 0.9450000     0.1000000E-04
 0.9550000     0.5500000E-05
 0.9650000     0.6000001E-05
 0.9750000     0.6000001E-05
 0.9850000     0.1500000E-05
 0.9949999     0.5000000E-06
