 0.5000000E-02  0.000000    
 0.1500000E-01  0.000000    
 0.2500000E-01  0.000000    
 0.3500000E-01  0.000000    
 0.4500000E-01  0.000000    
 0.5500000E-01  0.000000    
 0.6500000E-01  0.000000    
 0.7500000E-01  0.000000    
 0.8499999E-01  0.000000    
 0.9500000E-01  0.000000    
 0.1050000      0.000000    
 0.1150000      0.000000    
 0.1250000      0.000000    
 0.1350000      0.000000    
 0.1450000      0.000000    
 0.1550000      0.000000    
 0.1650000      0.000000    
 0.1750000      0.000000    
 0.1850000      0.000000    
 0.1950000      0.000000    
 0.2050000      0.000000    
 0.2150000      0.000000    
 0.2250000      0.000000    
 0.2350000      0.000000    
 0.2450000      0.000000    
 0.2550000      0.000000    
 0.2650000      0.000000    
 0.2750000      0.000000    
 0.2850000      0.000000    
 0.2950000      0.000000    
 0.3050000      0.000000    
 0.3150000     0.4921318E-02
 0.3250000     0.1174096E-01
 0.3350000     0.1075472E-01
 0.3450000     0.9866506E-02
 0.3550000     0.9044808E-02
 0.3650000     0.8399653E-02
 0.3750000     0.7784506E-02
 0.3850000     0.7068834E-02
 0.3950000     0.6616225E-02
 0.4050000     0.6106102E-02
 0.4150000     0.5699005E-02
 0.4250000     0.5284405E-02
 0.4350000     0.5010339E-02
 0.4450000     0.4509219E-02
 0.4550000     0.4251156E-02
 0.4650000     0.3947083E-02
 0.4750000     0.3654630E-02
 0.4850000     0.3323705E-02
 0.4950000     0.3164741E-02
 0.5050000     0.3030771E-02
 0.5150000     0.2755333E-02
 0.5250000     0.2524885E-02
 0.5350000     0.2404412E-02
 0.5450000     0.2258445E-02
 0.5550000     0.2027997E-02
 0.5650000     0.1858013E-02
 0.5750000     0.1717012E-02
 0.5850000     0.1657511E-02
 0.5950000     0.1579511E-02
 0.6050000     0.1409009E-02
 0.6150000     0.1328509E-02
 0.6250000     0.1212008E-02
 0.6350000     0.1063007E-02
 0.6450000     0.1010006E-02
 0.6550000     0.9360058E-03
 0.6650000     0.8890054E-03
 0.6750000     0.8140049E-03
 0.6850000     0.6930039E-03
 0.6950000     0.6580037E-03
 0.7050000     0.6290035E-03
 0.7150000     0.5580029E-03
 0.7250000     0.4940024E-03
 0.7350000     0.4725023E-03
 0.7450000     0.4495021E-03
 0.7550000     0.3990017E-03
 0.7650000     0.3530013E-03
 0.7750000     0.3160011E-03
 0.7850000     0.2995009E-03
 0.7950000     0.2615007E-03
 0.8049999     0.2000002E-03
 0.8150000     0.1965002E-03
 0.8250000     0.2085002E-03
 0.8350000     0.1534998E-03
 0.8450000     0.1384997E-03
 0.8550000     0.1129997E-03
 0.8650000     0.1049997E-03
 0.8750000     0.6649998E-04
 0.8850000     0.6649998E-04
 0.8950000     0.5100001E-04
 0.9050000     0.3950001E-04
 0.9150000     0.3300001E-04
 0.9250000     0.2150001E-04
 0.9350000     0.1600000E-04
 0.9450000     0.1050000E-04
 0.9550000     0.1000000E-04
 0.9650000     0.5500000E-05
 0.9750000     0.2500000E-05
 0.9850000     0.1500000E-05
 0.9949999      0.000000    
