 0.5000000E-02 0.9045858E-01
 0.1500000E-01 0.2357594E-01
 0.2500000E-01 0.1752348E-01
 0.3500000E-01 0.1125698E-01
 0.4500000E-01 0.7307261E-02
 0.5500000E-01 0.5062766E-02
 0.6500000E-01 0.3741026E-02
 0.7500000E-01 0.2907019E-02
 0.8499999E-01 0.2217014E-02
 0.9500000E-01 0.1857011E-02
 0.1050000     0.1429008E-02
 0.1150000     0.1251007E-02
 0.1250000     0.9830048E-03
 0.1350000     0.8670039E-03
 0.1450000     0.7920034E-03
 0.1550000     0.6790025E-03
 0.1650000     0.6110020E-03
 0.1750000     0.5040012E-03
 0.1850000     0.5080012E-03
 0.1950000     0.3950003E-03
 0.2050000     0.3490000E-03
 0.2150000     0.3329999E-03
 0.2250000     0.3259998E-03
 0.2350000     0.2809995E-03
 0.2450000     0.2489992E-03
 0.2550000     0.2119994E-03
 0.2650000     0.2239993E-03
 0.2750000     0.2069995E-03
 0.2850000     0.1569998E-03
 0.2950000     0.1469999E-03
 0.3050000     0.1639997E-03
 0.3150000     0.1399999E-03
 0.3250000     0.1369999E-03
 0.3350000     0.1170000E-03
 0.3450000     0.1250000E-03
 0.3550000     0.8300002E-04
 0.3650000     0.1050000E-03
 0.3750000     0.7500002E-04
 0.3850000     0.9000002E-04
 0.3950000     0.7300002E-04
 0.4050000     0.5300001E-04
 0.4150000     0.7900002E-04
 0.4250000     0.7400002E-04
 0.4350000     0.5100001E-04
 0.4450000     0.6100002E-04
 0.4550000     0.5900002E-04
 0.4650000     0.5800002E-04
 0.4750000     0.4800001E-04
 0.4850000     0.5200001E-04
 0.4950000     0.5300001E-04
 0.5050000     0.2800001E-04
 0.5150000     0.3600001E-04
 0.5250000     0.3300001E-04
 0.5350000     0.4300001E-04
 0.5450000     0.3100001E-04
 0.5550000     0.2900001E-04
 0.5650000     0.2400000E-04
 0.5750000     0.2400000E-04
 0.5850000     0.2700001E-04
 0.5950000     0.2100000E-04
 0.6050000     0.1900000E-04
 0.6150000     0.2000000E-04
 0.6250000     0.2800001E-04
 0.6350000     0.1700000E-04
 0.6450000     0.1900000E-04
 0.6550000     0.1300000E-04
 0.6650000     0.1600000E-04
 0.6750000     0.1200000E-04
 0.6850000     0.1200000E-04
 0.6950000     0.9000000E-05
 0.7050000     0.1400000E-04
 0.7150000     0.1900000E-04
 0.7250000     0.7000000E-05
 0.7350000     0.6000000E-05
 0.7450000     0.6000000E-05
 0.7550000     0.5000000E-05
 0.7650000     0.6000000E-05
 0.7750000     0.5000000E-05
 0.7850000     0.7000000E-05
 0.7950000     0.6000000E-05
 0.8049999     0.2000000E-05
 0.8150000     0.7000000E-05
 0.8250000     0.3000000E-05
 0.8350000     0.8000000E-05
 0.8450000      0.000000    
 0.8550000     0.2000000E-05
 0.8650000     0.3000000E-05
 0.8750000     0.2000000E-05
 0.8850000     0.1000000E-05
 0.8950000     0.3000000E-05
 0.9050000      0.000000    
 0.9150000     0.2000000E-05
 0.9250000     0.2000000E-05
 0.9350000      0.000000    
 0.9450000     0.2000000E-05
 0.9550000      0.000000    
 0.9650000      0.000000    
 0.9750000     0.1000000E-05
 0.9850000      0.000000    
 0.9949999      0.000000    
