 0.5000000E-02  0.000000    
 0.1500000E-01  0.000000    
 0.2500000E-01  0.000000    
 0.3500000E-01  0.000000    
 0.4500000E-01  0.000000    
 0.5500000E-01  0.000000    
 0.6500000E-01  0.000000    
 0.7500000E-01  0.000000    
 0.8499999E-01  0.000000    
 0.9500000E-01  0.000000    
 0.1050000     0.1737592    
 0.1150000     0.1472204    
 0.1250000     0.1265520    
 0.1350000     0.1094365    
 0.1450000     0.9496348E-01
 0.1550000     0.8307081E-01
 0.1650000     0.7388723E-01
 0.1750000     0.6546941E-01
 0.1850000     0.5826711E-01
 0.1950000     0.5219447E-01
 0.2050000     0.4649324E-01
 0.2150000     0.4205095E-01
 0.2250000     0.3779138E-01
 0.2350000     0.3437243E-01
 0.2450000     0.3130691E-01
 0.2550000     0.2837018E-01
 0.2650000     0.2582382E-01
 0.2750000     0.2344069E-01
 0.2850000     0.2132613E-01
 0.2950000     0.1963887E-01
 0.3050000     0.1811235E-01
 0.3150000     0.1653890E-01
 0.3250000     0.1522629E-01
 0.3350000     0.1402701E-01
 0.3450000     0.1305527E-01
 0.3550000     0.1206453E-01
 0.3650000     0.1110730E-01
 0.3750000     0.1032112E-01
 0.3850000     0.9508420E-02
 0.3950000     0.8710728E-02
 0.4050000     0.8172599E-02
 0.4150000     0.7473431E-02
 0.4250000     0.6944304E-02
 0.4350000     0.6454186E-02
 0.4450000     0.5992075E-02
 0.4550000     0.5507458E-02
 0.4650000     0.5059351E-02
 0.4750000     0.4923318E-02
 0.4850000     0.4532724E-02
 0.4950000     0.4205145E-02
 0.5050000     0.3897076E-02
 0.5150000     0.3691622E-02
 0.5250000     0.3331703E-02
 0.5350000     0.3114252E-02
 0.5450000     0.2941791E-02
 0.5550000     0.2749334E-02
 0.5650000     0.2538382E-02
 0.5750000     0.2395414E-02
 0.5850000     0.2209956E-02
 0.5950000     0.2034995E-02
 0.6050000     0.1906013E-02
 0.6150000     0.1764012E-02
 0.6250000     0.1690511E-02
 0.6350000     0.1558510E-02
 0.6450000     0.1431009E-02
 0.6550000     0.1277008E-02
 0.6650000     0.1246008E-02
 0.6750000     0.1119007E-02
 0.6850000     0.1051507E-02
 0.6950000     0.9450059E-03
 0.7050000     0.8845054E-03
 0.7150000     0.7860046E-03
 0.7250000     0.7060040E-03
 0.7350000     0.6890039E-03
 0.7450000     0.6150033E-03
 0.7550000     0.5835031E-03
 0.7650000     0.5215026E-03
 0.7750000     0.4600022E-03
 0.7850000     0.4090018E-03
 0.7950000     0.3880016E-03
 0.8049999     0.3435013E-03
 0.8150000     0.3130010E-03
 0.8250000     0.2550006E-03
 0.8350000     0.2385005E-03
 0.8450000     0.2175003E-03
 0.8550000     0.1820000E-03
 0.8650000     0.1534998E-03
 0.8750000     0.1449998E-03
 0.8850000     0.1144996E-03
 0.8950000     0.9249980E-04
 0.9050000     0.7399993E-04
 0.9150000     0.6699998E-04
 0.9250000     0.5550002E-04
 0.9350000     0.4150001E-04
 0.9450000     0.3250001E-04
 0.9550000     0.1200000E-04
 0.9650000     0.1350000E-04
 0.9750000     0.4500000E-05
 0.9850000     0.1000000E-05
 0.9949999      0.000000    
