 0.5000000E-02  0.000000    
 0.1500000E-01  0.000000    
 0.2500000E-01  0.000000    
 0.3500000E-01  1.047031    
 0.4500000E-01 0.8884228    
 0.5500000E-01 0.6487094    
 0.6500000E-01 0.4965180    
 0.7500000E-01 0.3942153    
 0.8499999E-01 0.3186733    
 0.9500000E-01 0.2636776    
 0.1050000     0.2208697    
 0.1150000     0.1878733    
 0.1250000     0.1623338    
 0.1350000     0.1399212    
 0.1450000     0.1222609    
 0.1550000     0.1078713    
 0.1650000     0.9561919E-01
 0.1750000     0.8483572E-01
 0.1850000     0.7605898E-01
 0.1950000     0.6785930E-01
 0.2050000     0.6111825E-01
 0.2150000     0.5532566E-01
 0.2250000     0.4989049E-01
 0.2350000     0.4549863E-01
 0.2450000     0.4130344E-01
 0.2550000     0.3760445E-01
 0.2650000     0.3442762E-01
 0.2750000     0.3152433E-01
 0.2850000     0.2899224E-01
 0.2950000     0.2669469E-01
 0.3050000     0.2441214E-01
 0.3150000     0.2277374E-01
 0.3250000     0.2099431E-01
 0.3350000     0.1919488E-01
 0.3450000     0.1786256E-01
 0.3550000     0.1649923E-01
 0.3650000     0.1523693E-01
 0.3750000     0.1424869E-01
 0.3850000     0.1334448E-01
 0.3950000     0.1219820E-01
 0.4050000     0.1167508E-01
 0.4150000     0.1051080E-01
 0.4250000     0.9941659E-02
 0.4350000     0.9070450E-02
 0.4450000     0.8641346E-02
 0.4550000     0.8079211E-02
 0.4650000     0.7582199E-02
 0.4750000     0.6948342E-02
 0.4850000     0.6402465E-02
 0.4950000     0.5869585E-02
 0.5050000     0.5670629E-02
 0.5150000     0.5116754E-02
 0.5250000     0.4961789E-02
 0.5350000     0.4567878E-02
 0.5450000     0.4260947E-02
 0.5550000     0.4033998E-02
 0.5650000     0.3621025E-02
 0.5750000     0.3430023E-02
 0.5850000     0.3325023E-02
 0.5950000     0.3049020E-02
 0.6050000     0.2849019E-02
 0.6150000     0.2731018E-02
 0.6250000     0.2515016E-02
 0.6350000     0.2350015E-02
 0.6450000     0.2081013E-02
 0.6550000     0.2083013E-02
 0.6650000     0.1769011E-02
 0.6750000     0.1682010E-02
 0.6850000     0.1575009E-02
 0.6950000     0.1473009E-02
 0.7050000     0.1440008E-02
 0.7150000     0.1310007E-02
 0.7250000     0.1191006E-02
 0.7350000     0.1103006E-02
 0.7450000     0.1004005E-02
 0.7550000     0.9490045E-03
 0.7650000     0.8310037E-03
 0.7750000     0.8040034E-03
 0.7850000     0.7280029E-03
 0.7950000     0.6580023E-03
 0.8049999     0.6170020E-03
 0.8150000     0.5200013E-03
 0.8250000     0.4720009E-03
 0.8350000     0.4500007E-03
 0.8450000     0.4090004E-03
 0.8550000     0.3119997E-03
 0.8650000     0.3039996E-03
 0.8750000     0.2609993E-03
 0.8850000     0.1929995E-03
 0.8950000     0.2139994E-03
 0.9050000     0.1589998E-03
 0.9150000     0.1180000E-03
 0.9250000     0.1050000E-03
 0.9350000     0.7600002E-04
 0.9450000     0.5100001E-04
 0.9550000     0.4600001E-04
 0.9650000     0.2900001E-04
 0.9750000     0.1000000E-04
 0.9850000     0.3000000E-05
 0.9949999      0.000000    
