 0.5000000E-02  0.000000    
 0.1500000E-01  0.000000    
 0.2500000E-01  0.000000    
 0.3500000E-01  0.000000    
 0.4500000E-01  0.000000    
 0.5500000E-01  0.000000    
 0.6500000E-01  0.000000    
 0.7500000E-01  0.000000    
 0.8499999E-01  0.000000    
 0.9500000E-01  0.000000    
 0.1050000      0.000000    
 0.1150000      0.000000    
 0.1250000      0.000000    
 0.1350000      0.000000    
 0.1450000      0.000000    
 0.1550000      0.000000    
 0.1650000      0.000000    
 0.1750000      0.000000    
 0.1850000      0.000000    
 0.1950000      0.000000    
 0.2050000      0.000000    
 0.2150000      0.000000    
 0.2250000      0.000000    
 0.2350000      0.000000    
 0.2450000      0.000000    
 0.2550000      0.000000    
 0.2650000      0.000000    
 0.2750000      0.000000    
 0.2850000      0.000000    
 0.2950000      0.000000    
 0.3050000      0.000000    
 0.3150000     0.1054997E-03
 0.3250000     0.2515006E-03
 0.3350000     0.2360005E-03
 0.3450000     0.2400005E-03
 0.3550000     0.2075002E-03
 0.3650000     0.2250004E-03
 0.3750000     0.2145003E-03
 0.3850000     0.1815000E-03
 0.3950000     0.1775000E-03
 0.4050000     0.1634999E-03
 0.4150000     0.1539998E-03
 0.4250000     0.1444998E-03
 0.4350000     0.1484998E-03
 0.4450000     0.1534998E-03
 0.4550000     0.1339997E-03
 0.4650000     0.1269996E-03
 0.4750000     0.1289996E-03
 0.4850000     0.1209996E-03
 0.4950000     0.1319997E-03
 0.5050000     0.1104997E-03
 0.5150000     0.9999975E-04
 0.5250000     0.1194996E-03
 0.5350000     0.9349980E-04
 0.5450000     0.9099981E-04
 0.5550000     0.7799990E-04
 0.5650000     0.8899983E-04
 0.5750000     0.8699984E-04
 0.5850000     0.8049989E-04
 0.5950000     0.8299987E-04
 0.6050000     0.8049989E-04
 0.6150000     0.9049982E-04
 0.6250000     0.7549992E-04
 0.6350000     0.5950002E-04
 0.6450000     0.6300001E-04
 0.6550000     0.5850002E-04
 0.6650000     0.5600002E-04
 0.6750000     0.6300001E-04
 0.6850000     0.5950002E-04
 0.6950000     0.4000001E-04
 0.7050000     0.4550001E-04
 0.7150000     0.3750001E-04
 0.7250000     0.4000001E-04
 0.7350000     0.4500001E-04
 0.7450000     0.4300001E-04
 0.7550000     0.3800001E-04
 0.7650000     0.4400001E-04
 0.7750000     0.3650001E-04
 0.7850000     0.3900001E-04
 0.7950000     0.3200001E-04
 0.8049999     0.3500001E-04
 0.8150000     0.3250001E-04
 0.8250000     0.2950001E-04
 0.8350000     0.2800001E-04
 0.8450000     0.2750001E-04
 0.8550000     0.1600000E-04
 0.8650000     0.1400000E-04
 0.8750000     0.1650000E-04
 0.8850000     0.2200001E-04
 0.8950000     0.1200000E-04
 0.9050000     0.1050000E-04
 0.9150000     0.1300000E-04
 0.9250000     0.1350000E-04
 0.9350000     0.5500000E-05
 0.9450000     0.9000001E-05
 0.9550000     0.4000000E-05
 0.9650000     0.3500000E-05
 0.9750000     0.2500000E-05
 0.9850000     0.2000000E-05
 0.9949999     0.1000000E-05
