 0.5000000E-02 0.7616303E-01
 0.1500000E-01 0.3141746E-02
 0.2500000E-01 0.3191235E-02
 0.3500000E-01 0.3177238E-02
 0.4500000E-01 0.3114752E-02
 0.5500000E-01 0.3135247E-02
 0.6500000E-01 0.3152743E-02
 0.7500000E-01 0.3040768E-02
 0.8499999E-01 0.3065763E-02
 0.9500000E-01 0.2986281E-02
 0.1050000     0.2905299E-02
 0.1150000     0.2850811E-02
 0.1250000     0.2838814E-02
 0.1350000     0.2774328E-02
 0.1450000     0.2752333E-02
 0.1550000     0.2665853E-02
 0.1650000     0.2510888E-02
 0.1750000     0.2480895E-02
 0.1850000     0.2418909E-02
 0.1950000     0.2327929E-02
 0.2050000     0.2274441E-02
 0.2150000     0.2210455E-02
 0.2250000     0.2079485E-02
 0.2350000     0.2035995E-02
 0.2450000     0.1933513E-02
 0.2550000     0.1885013E-02
 0.2650000     0.1781012E-02
 0.2750000     0.1695512E-02
 0.2850000     0.1655011E-02
 0.2950000     0.1542510E-02
 0.3050000     0.1477010E-02
 0.3150000     0.1375509E-02
 0.3250000     0.1278008E-02
 0.3350000     0.1208508E-02
 0.3450000     0.1141007E-02
 0.3550000     0.1090007E-02
 0.3650000     0.1024006E-02
 0.3750000     0.9795061E-03
 0.3850000     0.8405051E-03
 0.3950000     0.8465051E-03
 0.4050000     0.8130049E-03
 0.4150000     0.7670045E-03
 0.4250000     0.6770038E-03
 0.4350000     0.6675037E-03
 0.4450000     0.6120033E-03
 0.4550000     0.6045033E-03
 0.4650000     0.5680030E-03
 0.4750000     0.5165026E-03
 0.4850000     0.4915024E-03
 0.4950000     0.4480021E-03
 0.5050000     0.4310019E-03
 0.5150000     0.4400020E-03
 0.5250000     0.3970017E-03
 0.5350000     0.3795016E-03
 0.5450000     0.3255011E-03
 0.5550000     0.3295012E-03
 0.5650000     0.3040010E-03
 0.5750000     0.2660007E-03
 0.5850000     0.2800008E-03
 0.5950000     0.2625007E-03
 0.6050000     0.2355005E-03
 0.6150000     0.2300004E-03
 0.6250000     0.2220004E-03
 0.6350000     0.2020002E-03
 0.6450000     0.1835001E-03
 0.6550000     0.1649999E-03
 0.6650000     0.1639999E-03
 0.6750000     0.1464998E-03
 0.6850000     0.1394997E-03
 0.6950000     0.1224996E-03
 0.7050000     0.1074997E-03
 0.7150000     0.9799976E-04
 0.7250000     0.8799983E-04
 0.7350000     0.8099988E-04
 0.7450000     0.8099988E-04
 0.7550000     0.6400000E-04
 0.7650000     0.6000002E-04
 0.7750000     0.5500001E-04
 0.7850000     0.5900002E-04
 0.7950000     0.4800001E-04
 0.8049999     0.4200001E-04
 0.8150000     0.3950001E-04
 0.8250000     0.2450001E-04
 0.8350000     0.3250001E-04
 0.8450000     0.2050001E-04
 0.8550000     0.2100001E-04
 0.8650000     0.1600000E-04
 0.8750000     0.1450000E-04
 0.8850000     0.1550000E-04
 0.8950000     0.1300000E-04
 0.9050000     0.1050000E-04
 0.9150000     0.8500001E-05
 0.9250000     0.5000000E-05
 0.9350000     0.4000000E-05
 0.9450000     0.3500000E-05
 0.9550000     0.1000000E-05
 0.9650000     0.5000000E-06
 0.9750000      0.000000    
 0.9850000      0.000000    
 0.9949999      0.000000    
