 0.5000000E-02 0.2807427    
 0.1500000E-01 0.1221508E-02
 0.2500000E-01 0.1225008E-02
 0.3500000E-01 0.1189008E-02
 0.4500000E-01 0.1191008E-02
 0.5500000E-01 0.1198008E-02
 0.6500000E-01 0.1646511E-02
 0.7500000E-01 0.2301435E-02
 0.8499999E-01 0.2755333E-02
 0.9500000E-01 0.3128749E-02
 0.1050000     0.3414184E-02
 0.1150000     0.3688622E-02
 0.1250000     0.3867082E-02
 0.1350000     0.4025102E-02
 0.1450000     0.4164136E-02
 0.1550000     0.4457706E-02
 0.1650000     0.4899312E-02
 0.1750000     0.5207886E-02
 0.1850000     0.5678500E-02
 0.1950000     0.5920058E-02
 0.2050000     0.6172618E-02
 0.2150000     0.6311152E-02
 0.2250000     0.6761760E-02
 0.2350000     0.7070834E-02
 0.2450000     0.7508940E-02
 0.2550000     0.7779005E-02
 0.2650000     0.7962548E-02
 0.2750000     0.8491675E-02
 0.2850000     0.8469170E-02
 0.2950000     0.8790747E-02
 0.3050000     0.9005799E-02
 0.3150000     0.8997297E-02
 0.3250000     0.8769242E-02
 0.3350000     0.8440663E-02
 0.3450000     0.8052070E-02
 0.3550000     0.7899033E-02
 0.3650000     0.7528444E-02
 0.3750000     0.7285886E-02
 0.3850000     0.6943304E-02
 0.3950000     0.6681241E-02
 0.4050000     0.6505198E-02
 0.4150000     0.6186622E-02
 0.4250000     0.6029084E-02
 0.4350000     0.5773022E-02
 0.4450000     0.5720010E-02
 0.4550000     0.5506958E-02
 0.4650000     0.5255898E-02
 0.4750000     0.5123866E-02
 0.4850000     0.5012339E-02
 0.4950000     0.4758778E-02
 0.5050000     0.4568733E-02
 0.5150000     0.4288165E-02
 0.5250000     0.4288165E-02
 0.5350000     0.4054609E-02
 0.5450000     0.4026602E-02
 0.5550000     0.3875580E-02
 0.5650000     0.3738611E-02
 0.5750000     0.3550154E-02
 0.5850000     0.3453675E-02
 0.5950000     0.3374693E-02
 0.6050000     0.3179737E-02
 0.6150000     0.3096256E-02
 0.6250000     0.3062763E-02
 0.6350000     0.2870807E-02
 0.6450000     0.2787326E-02
 0.6550000     0.2633860E-02
 0.6650000     0.2599868E-02
 0.6750000     0.2551379E-02
 0.6850000     0.2471897E-02
 0.6950000     0.2334927E-02
 0.7050000     0.2211955E-02
 0.7150000     0.2180462E-02
 0.7250000     0.2027997E-02
 0.7350000     0.1934013E-02
 0.7450000     0.1845013E-02
 0.7550000     0.1735512E-02
 0.7650000     0.1652011E-02
 0.7750000     0.1567511E-02
 0.7850000     0.1482510E-02
 0.7950000     0.1386509E-02
 0.8049999     0.1275508E-02
 0.8150000     0.1256008E-02
 0.8250000     0.1094507E-02
 0.8350000     0.1056507E-02
 0.8450000     0.9895061E-03
 0.8550000     0.9405058E-03
 0.8650000     0.8925055E-03
 0.8750000     0.7560044E-03
 0.8850000     0.7295042E-03
 0.8950000     0.6390035E-03
 0.9050000     0.5415028E-03
 0.9150000     0.5230026E-03
 0.9250000     0.4410020E-03
 0.9350000     0.3815016E-03
 0.9450000     0.3245011E-03
 0.9550000     0.2595006E-03
 0.9650000     0.1965002E-03
 0.9750000     0.1529998E-03
 0.9850000     0.8649984E-04
 0.9949999     0.2900001E-04
