 0.5000000E-02  0.000000    
 0.1500000E-01  0.000000    
 0.2500000E-01  0.000000    
 0.3500000E-01  1.043648    
 0.4500000E-01 0.8926523    
 0.5500000E-01 0.6540534    
 0.6500000E-01 0.5027435    
 0.7500000E-01 0.3993273    
 0.8499999E-01 0.3242423    
 0.9500000E-01 0.2694502    
 0.1050000     0.2271425    
 0.1150000     0.1932416    
 0.1250000     0.1662984    
 0.1350000     0.1445497    
 0.1450000     0.1271270    
 0.1550000     0.1115703    
 0.1650000     0.9923232E-01
 0.1750000     0.8876234E-01
 0.1850000     0.7916094E-01
 0.1950000     0.7108705E-01
 0.2050000     0.6408543E-01
 0.2150000     0.5830382E-01
 0.2250000     0.5255017E-01
 0.2350000     0.4788275E-01
 0.2450000     0.4346094E-01
 0.2550000     0.3992868E-01
 0.2650000     0.3664202E-01
 0.2750000     0.3355104E-01
 0.2850000     0.3057662E-01
 0.2950000     0.2857214E-01
 0.3050000     0.2600352E-01
 0.3150000     0.2439413E-01
 0.3250000     0.2250868E-01
 0.3350000     0.2040217E-01
 0.3450000     0.1882279E-01
 0.3550000     0.1773053E-01
 0.3650000     0.1655625E-01
 0.3750000     0.1521993E-01
 0.3850000     0.1392262E-01
 0.3950000     0.1323045E-01
 0.4050000     0.1234224E-01
 0.4150000     0.1132499E-01
 0.4250000     0.1053580E-01
 0.4350000     0.1000868E-01
 0.4450000     0.9334513E-02
 0.4550000     0.8471305E-02
 0.4650000     0.8144227E-02
 0.4750000     0.7620190E-02
 0.4850000     0.7086311E-02
 0.4950000     0.6657407E-02
 0.5050000     0.6227504E-02
 0.5150000     0.5627639E-02
 0.5250000     0.5390693E-02
 0.5350000     0.5009778E-02
 0.5450000     0.4646860E-02
 0.5550000     0.4442906E-02
 0.5650000     0.4193962E-02
 0.5750000     0.3763026E-02
 0.5850000     0.3470024E-02
 0.5950000     0.3326023E-02
 0.6050000     0.3194022E-02
 0.6150000     0.2996020E-02
 0.6250000     0.2752018E-02
 0.6350000     0.2523016E-02
 0.6450000     0.2401015E-02
 0.6550000     0.2178014E-02
 0.6650000     0.2167014E-02
 0.6750000     0.1940012E-02
 0.6850000     0.1765011E-02
 0.6950000     0.1702010E-02
 0.7050000     0.1550009E-02
 0.7150000     0.1467008E-02
 0.7250000     0.1383008E-02
 0.7350000     0.1262007E-02
 0.7450000     0.1081006E-02
 0.7550000     0.1100006E-02
 0.7650000     0.9730047E-03
 0.7750000     0.9170043E-03
 0.7850000     0.8110035E-03
 0.7950000     0.7580031E-03
 0.8049999     0.7140028E-03
 0.8150000     0.6230021E-03
 0.8250000     0.5190013E-03
 0.8350000     0.5060012E-03
 0.8450000     0.4320006E-03
 0.8550000     0.4090004E-03
 0.8650000     0.3480000E-03
 0.8750000     0.3169997E-03
 0.8850000     0.2939996E-03
 0.8950000     0.2379992E-03
 0.9050000     0.2029995E-03
 0.9150000     0.1479999E-03
 0.9250000     0.1210000E-03
 0.9350000     0.1030000E-03
 0.9450000     0.7100002E-04
 0.9550000     0.4600001E-04
 0.9650000     0.5200001E-04
 0.9750000     0.2500000E-04
 0.9850000     0.4000000E-05
 0.9949999      0.000000    
